P20_38_2 0.20 0.38 2.0
P20_40_2 0.20 0.40 2.0
P20_42_2 0.20 0.42 2.0
P20_44_2 0.20 0.44 2.0
P20_46_2 0.20 0.46 2.0
P20_48_2 0.20 0.48 2.0
P20_50_2 0.20 0.50 2.0
P20_52_2 0.20 0.52 2.0
P20_54_2 0.20 0.54 2.0
P20_56_2 0.20 0.56 2.0
P20_58_2 0.20 0.58 2.0
P20_60_2 0.20 0.60 2.0
P20_62_2 0.20 0.62 2.0
P20_64_2 0.20 0.64 2.0
P20_66_2 0.20 0.66 2.0
P20_68_2 0.20 0.68 2.0
P20_70_2 0.20 0.70 2.0
P20_72_2 0.20 0.72 2.0
P20_74_2 0.20 0.74 2.0
P20_76_2 0.20 0.76 2.0
P20_78_2 0.20 0.78 2.0
P20_80_2 0.20 0.80 2.0
P22_38_2 0.22 0.38 2.0
P22_40_2 0.22 0.40 2.0
P22_42_2 0.22 0.42 2.0
P22_44_2 0.22 0.44 2.0
P22_46_2 0.22 0.46 2.0
P22_48_2 0.22 0.48 2.0
P22_50_2 0.22 0.50 2.0
P22_52_2 0.22 0.52 2.0
P22_54_2 0.22 0.54 2.0
P22_56_2 0.22 0.56 2.0
P22_58_2 0.22 0.58 2.0
P22_60_2 0.22 0.60 2.0
P22_62_2 0.22 0.62 2.0
P22_64_2 0.22 0.64 2.0
P22_66_2 0.22 0.66 2.0
P22_68_2 0.22 0.68 2.0
P22_70_2 0.22 0.70 2.0
P22_72_2 0.22 0.72 2.0
P22_74_2 0.22 0.74 2.0
P22_76_2 0.22 0.76 2.0
P22_78_2 0.22 0.78 2.0
P22_80_2 0.22 0.80 2.0
P24_38_2 0.24 0.38 2.0
P24_40_2 0.24 0.40 2.0
P24_42_2 0.24 0.42 2.0
P24_44_2 0.24 0.44 2.0
P24_46_2 0.24 0.46 2.0
P24_48_2 0.24 0.48 2.0
P24_50_2 0.24 0.50 2.0
P24_52_2 0.24 0.52 2.0
P24_54_2 0.24 0.54 2.0
P24_56_2 0.24 0.56 2.0
P24_58_2 0.24 0.58 2.0
P24_60_2 0.24 0.60 2.0
P24_62_2 0.24 0.62 2.0
P24_64_2 0.24 0.64 2.0
P24_66_2 0.24 0.66 2.0
P24_68_2 0.24 0.68 2.0
P24_70_2 0.24 0.70 2.0
P24_72_2 0.24 0.72 2.0
P24_74_2 0.24 0.74 2.0
P24_76_2 0.24 0.76 2.0
P24_78_2 0.24 0.78 2.0
P24_80_2 0.24 0.80 2.0
P26_38_2 0.26 0.38 2.0
P26_40_2 0.26 0.40 2.0
P26_42_2 0.26 0.42 2.0
P26_44_2 0.26 0.44 2.0
P26_46_2 0.26 0.46 2.0
P26_48_2 0.26 0.48 2.0
P26_50_2 0.26 0.50 2.0
P26_52_2 0.26 0.52 2.0
P26_54_2 0.26 0.54 2.0
P26_56_2 0.26 0.56 2.0
P26_58_2 0.26 0.58 2.0
P26_60_2 0.26 0.60 2.0
P26_62_2 0.26 0.62 2.0
P26_64_2 0.26 0.64 2.0
P26_66_2 0.26 0.66 2.0
P26_68_2 0.26 0.68 2.0
P26_70_2 0.26 0.70 2.0
P26_72_2 0.26 0.72 2.0
P26_74_2 0.26 0.74 2.0
P26_76_2 0.26 0.76 2.0
P26_78_2 0.26 0.78 2.0
P26_80_2 0.26 0.80 2.0
P28_38_2 0.28 0.38 2.0
P28_40_2 0.28 0.40 2.0
P28_42_2 0.28 0.42 2.0
P28_44_2 0.28 0.44 2.0
P28_46_2 0.28 0.46 2.0
P28_48_2 0.28 0.48 2.0
P28_50_2 0.28 0.50 2.0
P28_52_2 0.28 0.52 2.0
P28_54_2 0.28 0.54 2.0
P28_56_2 0.28 0.56 2.0
P28_58_2 0.28 0.58 2.0
P28_60_2 0.28 0.60 2.0
P28_62_2 0.28 0.62 2.0
P28_64_2 0.28 0.64 2.0
P28_66_2 0.28 0.66 2.0
P28_68_2 0.28 0.68 2.0
P28_70_2 0.28 0.70 2.0
P28_72_2 0.28 0.72 2.0
P28_74_2 0.28 0.74 2.0
P28_76_2 0.28 0.76 2.0
P28_78_2 0.28 0.78 2.0
P28_80_2 0.28 0.80 2.0
P30_38_2 0.30 0.38 2.0
P30_40_2 0.30 0.40 2.0
P30_42_2 0.30 0.42 2.0
P30_44_2 0.30 0.44 2.0
P30_46_2 0.30 0.46 2.0
P30_48_2 0.30 0.48 2.0
P30_50_2 0.30 0.50 2.0
P30_52_2 0.30 0.52 2.0
P30_54_2 0.30 0.54 2.0
P30_56_2 0.30 0.56 2.0
P30_58_2 0.30 0.58 2.0
P30_60_2 0.30 0.60 2.0
P30_66_2 0.30 0.66 2.0
P30_68_2 0.30 0.68 2.0
P30_70_2 0.30 0.70 2.0
P30_72_2 0.30 0.72 2.0
P30_74_2 0.30 0.74 2.0
P30_76_2 0.30 0.76 2.0
P30_78_2 0.30 0.78 2.0
P30_80_2 0.30 0.80 2.0
P32_38_2 0.32 0.38 2.0
P32_40_2 0.32 0.40 2.0
P32_42_2 0.32 0.42 2.0
P32_58_2 0.32 0.58 2.0
P32_60_2 0.32 0.60 2.0
P32_70_2 0.32 0.70 2.0
P32_72_2 0.32 0.72 2.0
P32_74_2 0.32 0.74 2.0
P32_76_2 0.32 0.76 2.0
P32_78_2 0.32 0.78 2.0
P32_80_2 0.32 0.80 2.0
P34_38_2 0.34 0.38 2.0
P34_40_2 0.34 0.40 2.0
P34_42_2 0.34 0.42 2.0
P34_58_2 0.34 0.58 2.0
P34_60_2 0.34 0.60 2.0
P34_70_2 0.34 0.70 2.0
P34_72_2 0.34 0.72 2.0
P34_74_2 0.34 0.74 2.0
P34_76_2 0.34 0.76 2.0
P34_78_2 0.34 0.78 2.0
P34_80_2 0.34 0.80 2.0
P36_38_2 0.36 0.38 2.0
P36_40_2 0.36 0.40 2.0
P36_42_2 0.36 0.42 2.0
P36_44_2 0.36 0.44 2.0
P36_46_2 0.36 0.46 2.0
P36_48_2 0.36 0.48 2.0
P36_50_2 0.36 0.50 2.0
P36_52_2 0.36 0.52 2.0
P36_54_2 0.36 0.54 2.0
P36_56_2 0.36 0.56 2.0
P36_58_2 0.36 0.58 2.0
P36_60_2 0.36 0.60 2.0
P36_62_2 0.36 0.62 2.0
P36_64_2 0.36 0.64 2.0
P36_66_2 0.36 0.66 2.0
P36_68_2 0.36 0.68 2.0
P36_70_2 0.36 0.70 2.0
P36_72_2 0.36 0.72 2.0
P36_74_2 0.36 0.74 2.0
P36_76_2 0.36 0.76 2.0
P36_78_2 0.36 0.78 2.0
P36_80_2 0.36 0.80 2.0
P38_38_2 0.38 0.38 2.0
P38_40_2 0.38 0.40 2.0
P38_42_2 0.38 0.42 2.0
P38_44_2 0.38 0.44 2.0
P38_46_2 0.38 0.46 2.0
P38_48_2 0.38 0.48 2.0
P38_50_2 0.38 0.50 2.0
P38_52_2 0.38 0.52 2.0
P38_54_2 0.38 0.54 2.0
P38_56_2 0.38 0.56 2.0
P38_58_2 0.38 0.58 2.0
P38_60_2 0.38 0.60 2.0
P38_62_2 0.38 0.62 2.0
P38_64_2 0.38 0.64 2.0
P38_66_2 0.38 0.66 2.0
P38_68_2 0.38 0.68 2.0
P38_70_2 0.38 0.70 2.0
P38_72_2 0.38 0.72 2.0
P38_74_2 0.38 0.74 2.0
P38_76_2 0.38 0.76 2.0
P38_78_2 0.38 0.78 2.0
P38_80_2 0.38 0.80 2.0
P40_38_2 0.40 0.38 2.0
P40_40_2 0.40 0.40 2.0
P40_42_2 0.40 0.42 2.0
P40_44_2 0.40 0.44 2.0
P40_46_2 0.40 0.46 2.0
P40_48_2 0.40 0.48 2.0
P40_50_2 0.40 0.50 2.0
P40_52_2 0.40 0.52 2.0
P40_54_2 0.40 0.54 2.0
P40_56_2 0.40 0.56 2.0
P40_58_2 0.40 0.58 2.0
P40_60_2 0.40 0.60 2.0
P40_62_2 0.40 0.62 2.0
P40_64_2 0.40 0.64 2.0
P40_66_2 0.40 0.66 2.0
P40_68_2 0.40 0.68 2.0
P40_70_2 0.40 0.70 2.0
P40_72_2 0.40 0.72 2.0
P40_74_2 0.40 0.74 2.0
P40_76_2 0.40 0.76 2.0
P40_78_2 0.40 0.78 2.0
P40_80_2 0.40 0.80 2.0
P42_38_2 0.42 0.38 2.0
P42_40_2 0.42 0.40 2.0
P42_42_2 0.42 0.42 2.0
P42_58_2 0.42 0.58 2.0
P42_60_2 0.42 0.60 2.0
P42_62_2 0.42 0.62 2.0
P42_64_2 0.42 0.64 2.0
P42_66_2 0.42 0.66 2.0
P42_68_2 0.42 0.68 2.0
P42_70_2 0.42 0.70 2.0
P42_72_2 0.42 0.72 2.0
P42_74_2 0.42 0.74 2.0
P42_76_2 0.42 0.76 2.0
P42_78_2 0.42 0.78 2.0
P42_80_2 0.42 0.80 2.0
P44_38_2 0.44 0.38 2.0
P44_40_2 0.44 0.40 2.0
P44_42_2 0.44 0.42 2.0
P44_58_2 0.44 0.58 2.0
P44_60_2 0.44 0.60 2.0
P44_62_2 0.44 0.62 2.0
P44_64_2 0.44 0.64 2.0
P44_66_2 0.44 0.66 2.0
P44_68_2 0.44 0.68 2.0
P44_70_2 0.44 0.70 2.0
P44_72_2 0.44 0.72 2.0
P44_74_2 0.44 0.74 2.0
P44_76_2 0.44 0.76 2.0
P44_78_2 0.44 0.78 2.0
P44_80_2 0.44 0.80 2.0
P46_38_2 0.46 0.38 2.0
P46_40_2 0.46 0.40 2.0
P46_42_2 0.46 0.42 2.0
P46_58_2 0.46 0.58 2.0
P46_60_2 0.46 0.60 2.0
P46_62_2 0.46 0.62 2.0
P46_64_2 0.46 0.64 2.0
P46_66_2 0.46 0.66 2.0
P46_68_2 0.46 0.68 2.0
P46_70_2 0.46 0.70 2.0
P46_72_2 0.46 0.72 2.0
P46_74_2 0.46 0.74 2.0
P46_76_2 0.46 0.76 2.0
P46_78_2 0.46 0.78 2.0
P46_80_2 0.46 0.80 2.0
P48_38_2 0.48 0.38 2.0
P48_40_2 0.48 0.40 2.0
P48_42_2 0.48 0.42 2.0
P48_44_2 0.48 0.44 2.0
P48_46_2 0.48 0.46 2.0
P48_48_2 0.48 0.48 2.0
P48_50_2 0.48 0.50 2.0
P48_52_2 0.48 0.52 2.0
P48_54_2 0.48 0.54 2.0
P48_56_2 0.48 0.56 2.0
P48_58_2 0.48 0.58 2.0
P48_60_2 0.48 0.60 2.0
P48_62_2 0.48 0.62 2.0
P48_64_2 0.48 0.64 2.0
P48_66_2 0.48 0.66 2.0
P48_68_2 0.48 0.68 2.0
P48_70_2 0.48 0.70 2.0
P48_72_2 0.48 0.72 2.0
P48_74_2 0.48 0.74 2.0
P48_76_2 0.48 0.76 2.0
P48_78_2 0.48 0.78 2.0
P48_80_2 0.48 0.80 2.0
P50_38_2 0.50 0.38 2.0
P50_40_2 0.50 0.40 2.0
P50_42_2 0.50 0.42 2.0
P50_44_2 0.50 0.44 2.0
P50_46_2 0.50 0.46 2.0
P50_48_2 0.50 0.48 2.0
P50_50_2 0.50 0.50 2.0
P50_52_2 0.50 0.52 2.0
P50_54_2 0.50 0.54 2.0
P50_56_2 0.50 0.56 2.0
P50_58_2 0.50 0.58 2.0
P50_60_2 0.50 0.60 2.0
P50_62_2 0.50 0.62 2.0
P50_64_2 0.50 0.64 2.0
P50_66_2 0.50 0.66 2.0
P50_68_2 0.50 0.68 2.0
P50_70_2 0.50 0.70 2.0
P50_72_2 0.50 0.72 2.0
P50_74_2 0.50 0.74 2.0
P50_76_2 0.50 0.76 2.0
P50_78_2 0.50 0.78 2.0
P50_80_2 0.50 0.80 2.0
P52_38_2 0.52 0.38 2.0
P52_40_2 0.52 0.40 2.0
P52_42_2 0.52 0.42 2.0
P52_44_2 0.52 0.44 2.0
P52_46_2 0.52 0.46 2.0
P52_48_2 0.52 0.48 2.0
P52_50_2 0.52 0.50 2.0
P52_52_2 0.52 0.52 2.0
P52_54_2 0.52 0.54 2.0
P52_56_2 0.52 0.56 2.0
P52_58_2 0.52 0.58 2.0
P52_60_2 0.52 0.60 2.0
P52_62_2 0.52 0.62 2.0
P52_64_2 0.52 0.64 2.0
P52_66_2 0.52 0.66 2.0
P52_68_2 0.52 0.68 2.0
P52_70_2 0.52 0.70 2.0
P52_72_2 0.52 0.72 2.0
P52_74_2 0.52 0.74 2.0
P52_76_2 0.52 0.76 2.0
P52_78_2 0.52 0.78 2.0
P52_80_2 0.52 0.80 2.0
P54_38_2 0.54 0.38 2.0
P54_40_2 0.54 0.40 2.0
P54_42_2 0.54 0.42 2.0
P54_58_2 0.54 0.58 2.0
P54_60_2 0.54 0.60 2.0
P54_62_2 0.54 0.62 2.0
P54_64_2 0.54 0.64 2.0
P54_66_2 0.54 0.66 2.0
P54_68_2 0.54 0.68 2.0
P54_70_2 0.54 0.70 2.0
P54_72_2 0.54 0.72 2.0
P54_74_2 0.54 0.74 2.0
P54_76_2 0.54 0.76 2.0
P54_78_2 0.54 0.78 2.0
P54_80_2 0.54 0.80 2.0
P56_38_2 0.56 0.38 2.0
P56_40_2 0.56 0.40 2.0
P56_42_2 0.56 0.42 2.0
P56_58_2 0.56 0.58 2.0
P56_60_2 0.56 0.60 2.0
P56_62_2 0.56 0.62 2.0
P56_64_2 0.56 0.64 2.0
P56_66_2 0.56 0.66 2.0
P56_68_2 0.56 0.68 2.0
P56_70_2 0.56 0.70 2.0
P56_72_2 0.56 0.72 2.0
P56_74_2 0.56 0.74 2.0
P56_76_2 0.56 0.76 2.0
P56_78_2 0.56 0.78 2.0
P56_80_2 0.56 0.80 2.0
P58_38_2 0.58 0.38 2.0
P58_40_2 0.58 0.40 2.0
P58_42_2 0.58 0.42 2.0
P58_58_2 0.58 0.58 2.0
P58_60_2 0.58 0.60 2.0
P58_62_2 0.58 0.62 2.0
P58_64_2 0.58 0.64 2.0
P58_66_2 0.58 0.66 2.0
P58_68_2 0.58 0.68 2.0
P58_70_2 0.58 0.70 2.0
P58_72_2 0.58 0.72 2.0
P58_74_2 0.58 0.74 2.0
P58_76_2 0.58 0.76 2.0
P58_78_2 0.58 0.78 2.0
P58_80_2 0.58 0.80 2.0
P60_38_2 0.60 0.38 2.0
P60_40_2 0.60 0.40 2.0
P60_42_2 0.60 0.42 2.0
P60_44_2 0.60 0.44 2.0
P60_46_2 0.60 0.46 2.0
P60_48_2 0.60 0.48 2.0
P60_50_2 0.60 0.50 2.0
P60_52_2 0.60 0.52 2.0
P60_54_2 0.60 0.54 2.0
P60_56_2 0.60 0.56 2.0
P60_58_2 0.60 0.58 2.0
P60_60_2 0.60 0.60 2.0
P60_62_2 0.60 0.62 2.0
P60_64_2 0.60 0.64 2.0
P60_66_2 0.60 0.66 2.0
P60_68_2 0.60 0.68 2.0
P60_70_2 0.60 0.70 2.0
P60_72_2 0.60 0.72 2.0
P60_74_2 0.60 0.74 2.0
P60_76_2 0.60 0.76 2.0
P60_78_2 0.60 0.78 2.0
P60_80_2 0.60 0.80 2.0
P62_38_2 0.62 0.38 2.0
P62_40_2 0.62 0.40 2.0
P62_42_2 0.62 0.42 2.0
P62_44_2 0.62 0.44 2.0
P62_46_2 0.62 0.46 2.0
P62_48_2 0.62 0.48 2.0
P62_50_2 0.62 0.50 2.0
P62_52_2 0.62 0.52 2.0
P62_54_2 0.62 0.54 2.0
P62_56_2 0.62 0.56 2.0
P62_58_2 0.62 0.58 2.0
P62_60_2 0.62 0.60 2.0
P62_62_2 0.62 0.62 2.0
P62_64_2 0.62 0.64 2.0
P62_66_2 0.62 0.66 2.0
P62_68_2 0.62 0.68 2.0
P62_70_2 0.62 0.70 2.0
P62_72_2 0.62 0.72 2.0
P62_74_2 0.62 0.74 2.0
P62_76_2 0.62 0.76 2.0
P62_78_2 0.62 0.78 2.0
P62_80_2 0.62 0.80 2.0
P64_38_2 0.64 0.38 2.0
P64_40_2 0.64 0.40 2.0
P64_42_2 0.64 0.42 2.0
P64_44_2 0.64 0.44 2.0
P64_46_2 0.64 0.46 2.0
P64_48_2 0.64 0.48 2.0
P64_50_2 0.64 0.50 2.0
P64_52_2 0.64 0.52 2.0
P64_54_2 0.64 0.54 2.0
P64_56_2 0.64 0.56 2.0
P64_58_2 0.64 0.58 2.0
P64_60_2 0.64 0.60 2.0
P64_62_2 0.64 0.62 2.0
P64_64_2 0.64 0.64 2.0
P64_66_2 0.64 0.66 2.0
P64_68_2 0.64 0.68 2.0
P64_70_2 0.64 0.70 2.0
P64_72_2 0.64 0.72 2.0
P64_74_2 0.64 0.74 2.0
P64_76_2 0.64 0.76 2.0
P64_78_2 0.64 0.78 2.0
P64_80_2 0.64 0.80 2.0
P66_38_2 0.66 0.38 2.0
P66_40_2 0.66 0.40 2.0
P66_42_2 0.66 0.42 2.0
P66_58_2 0.66 0.58 2.0
P66_60_2 0.66 0.60 2.0
P66_70_2 0.66 0.70 2.0
P66_72_2 0.66 0.72 2.0
P66_74_2 0.66 0.74 2.0
P66_76_2 0.66 0.76 2.0
P66_78_2 0.66 0.78 2.0
P66_80_2 0.66 0.80 2.0
P68_38_2 0.68 0.38 2.0
P68_40_2 0.68 0.40 2.0
P68_42_2 0.68 0.42 2.0
P68_58_2 0.68 0.58 2.0
P68_60_2 0.68 0.60 2.0
P68_70_2 0.68 0.70 2.0
P68_72_2 0.68 0.72 2.0
P68_74_2 0.68 0.74 2.0
P68_76_2 0.68 0.76 2.0
P68_78_2 0.68 0.78 2.0
P68_80_2 0.68 0.80 2.0
P70_38_2 0.70 0.38 2.0
P70_40_2 0.70 0.40 2.0
P70_42_2 0.70 0.42 2.0
P70_44_2 0.70 0.44 2.0
P70_46_2 0.70 0.46 2.0
P70_48_2 0.70 0.48 2.0
P70_50_2 0.70 0.50 2.0
P70_52_2 0.70 0.52 2.0
P70_54_2 0.70 0.54 2.0
P70_56_2 0.70 0.56 2.0
P70_58_2 0.70 0.58 2.0
P70_60_2 0.70 0.60 2.0
P70_66_2 0.70 0.66 2.0
P70_68_2 0.70 0.68 2.0
P70_70_2 0.70 0.70 2.0
P70_72_2 0.70 0.72 2.0
P70_74_2 0.70 0.74 2.0
P70_76_2 0.70 0.76 2.0
P70_78_2 0.70 0.78 2.0
P70_80_2 0.70 0.80 2.0
P72_38_2 0.72 0.38 2.0
P72_40_2 0.72 0.40 2.0
P72_42_2 0.72 0.42 2.0
P72_44_2 0.72 0.44 2.0
P72_46_2 0.72 0.46 2.0
P72_48_2 0.72 0.48 2.0
P72_50_2 0.72 0.50 2.0
P72_52_2 0.72 0.52 2.0
P72_54_2 0.72 0.54 2.0
P72_56_2 0.72 0.56 2.0
P72_58_2 0.72 0.58 2.0
P72_60_2 0.72 0.60 2.0
P72_62_2 0.72 0.62 2.0
P72_64_2 0.72 0.64 2.0
P72_66_2 0.72 0.66 2.0
P72_68_2 0.72 0.68 2.0
P72_70_2 0.72 0.70 2.0
P72_72_2 0.72 0.72 2.0
P72_74_2 0.72 0.74 2.0
P72_76_2 0.72 0.76 2.0
P72_78_2 0.72 0.78 2.0
P72_80_2 0.72 0.80 2.0
P74_38_2 0.74 0.38 2.0
P74_40_2 0.74 0.40 2.0
P74_42_2 0.74 0.42 2.0
P74_44_2 0.74 0.44 2.0
P74_46_2 0.74 0.46 2.0
P74_48_2 0.74 0.48 2.0
P74_50_2 0.74 0.50 2.0
P74_52_2 0.74 0.52 2.0
P74_54_2 0.74 0.54 2.0
P74_56_2 0.74 0.56 2.0
P74_58_2 0.74 0.58 2.0
P74_60_2 0.74 0.60 2.0
P74_62_2 0.74 0.62 2.0
P74_64_2 0.74 0.64 2.0
P74_66_2 0.74 0.66 2.0
P74_68_2 0.74 0.68 2.0
P74_70_2 0.74 0.70 2.0
P74_72_2 0.74 0.72 2.0
P74_74_2 0.74 0.74 2.0
P74_76_2 0.74 0.76 2.0
P74_78_2 0.74 0.78 2.0
P74_80_2 0.74 0.80 2.0
P76_38_2 0.76 0.38 2.0
P76_40_2 0.76 0.40 2.0
P76_42_2 0.76 0.42 2.0
P76_44_2 0.76 0.44 2.0
P76_46_2 0.76 0.46 2.0
P76_48_2 0.76 0.48 2.0
P76_50_2 0.76 0.50 2.0
P76_52_2 0.76 0.52 2.0
P76_54_2 0.76 0.54 2.0
P76_56_2 0.76 0.56 2.0
P76_58_2 0.76 0.58 2.0
P76_60_2 0.76 0.60 2.0
P76_62_2 0.76 0.62 2.0
P76_64_2 0.76 0.64 2.0
P76_66_2 0.76 0.66 2.0
P76_68_2 0.76 0.68 2.0
P76_70_2 0.76 0.70 2.0
P76_72_2 0.76 0.72 2.0
P76_74_2 0.76 0.74 2.0
P76_76_2 0.76 0.76 2.0
P76_78_2 0.76 0.78 2.0
P76_80_2 0.76 0.80 2.0
P78_38_2 0.78 0.38 2.0
P78_40_2 0.78 0.40 2.0
P78_42_2 0.78 0.42 2.0
P78_44_2 0.78 0.44 2.0
P78_46_2 0.78 0.46 2.0
P78_48_2 0.78 0.48 2.0
P78_50_2 0.78 0.50 2.0
P78_52_2 0.78 0.52 2.0
P78_54_2 0.78 0.54 2.0
P78_56_2 0.78 0.56 2.0
P78_58_2 0.78 0.58 2.0
P78_60_2 0.78 0.60 2.0
P78_62_2 0.78 0.62 2.0
P78_64_2 0.78 0.64 2.0
P78_66_2 0.78 0.66 2.0
P78_68_2 0.78 0.68 2.0
P78_70_2 0.78 0.70 2.0
P78_72_2 0.78 0.72 2.0
P78_74_2 0.78 0.74 2.0
P78_76_2 0.78 0.76 2.0
P78_78_2 0.78 0.78 2.0
P78_80_2 0.78 0.80 2.0
P80_38_2 0.80 0.38 2.0
P80_40_2 0.80 0.40 2.0
P80_42_2 0.80 0.42 2.0
P80_44_2 0.80 0.44 2.0
P80_46_2 0.80 0.46 2.0
P80_48_2 0.80 0.48 2.0
P80_50_2 0.80 0.50 2.0
P80_52_2 0.80 0.52 2.0
P80_54_2 0.80 0.54 2.0
P80_56_2 0.80 0.56 2.0
P80_58_2 0.80 0.58 2.0
P80_60_2 0.80 0.60 2.0
P80_62_2 0.80 0.62 2.0
P80_64_2 0.80 0.64 2.0
P80_66_2 0.80 0.66 2.0
P80_68_2 0.80 0.68 2.0
P80_70_2 0.80 0.70 2.0
P80_72_2 0.80 0.72 2.0
P80_74_2 0.80 0.74 2.0
P80_76_2 0.80 0.76 2.0
P80_78_2 0.80 0.78 2.0
P80_80_2 0.80 0.80 2.0
