P50_40_1 0.50 0.40 1.0
P50_42_1 0.50 0.42 1.0
P50_44_1 0.50 0.44 1.0
P50_46_1 0.50 0.46 1.0
P50_48_1 0.50 0.48 1.0
P50_50_1 0.50 0.50 1.0
P50_52_1 0.50 0.52 1.0
P50_54_1 0.50 0.54 1.0
P50_56_1 0.50 0.56 1.0
P50_58_1 0.50 0.58 1.0
P50_60_1 0.50 0.60 1.0
P50_62_1 0.50 0.62 1.0
P50_64_1 0.50 0.64 1.0
P50_66_1 0.50 0.66 1.0
P50_68_1 0.50 0.68 1.0
P50_70_1 0.50 0.70 1.0
P50_72_1 0.50 0.72 1.0
P50_74_1 0.50 0.74 1.0
P50_76_1 0.50 0.76 1.0
P50_78_1 0.50 0.78 1.0
P50_80_1 0.50 0.80 1.0
P50_82_1 0.50 0.82 1.0
P50_84_1 0.50 0.84 1.0
P50_86_1 0.50 0.86 1.0
P50_88_1 0.50 0.88 1.0
P50_90_1 0.50 0.90 1.0
P50_92_1 0.50 0.92 1.0
P50_94_1 0.50 0.94 1.0
P50_96_1 0.50 0.96 1.0
P50_98_1 0.50 0.98 1.0
P52_40_1 0.52 0.40 1.0
P52_42_1 0.52 0.42 1.0
P52_44_1 0.52 0.44 1.0
P52_46_1 0.52 0.46 1.0
P52_48_1 0.52 0.48 1.0
P52_50_1 0.52 0.50 1.0
P52_52_1 0.52 0.52 1.0
P52_54_1 0.52 0.54 1.0
P52_56_1 0.52 0.56 1.0
P52_58_1 0.52 0.58 1.0
P52_60_1 0.52 0.60 1.0
P52_62_1 0.52 0.62 1.0
P52_64_1 0.52 0.64 1.0
P52_66_1 0.52 0.66 1.0
P52_68_1 0.52 0.68 1.0
P52_70_1 0.52 0.70 1.0
P52_72_1 0.52 0.72 1.0
P52_74_1 0.52 0.74 1.0
P52_76_1 0.52 0.76 1.0
P52_78_1 0.52 0.78 1.0
P52_80_1 0.52 0.80 1.0
P52_82_1 0.52 0.82 1.0
P52_84_1 0.52 0.84 1.0
P52_86_1 0.52 0.86 1.0
P52_88_1 0.52 0.88 1.0
P52_90_1 0.52 0.90 1.0
P52_92_1 0.52 0.92 1.0
P52_94_1 0.52 0.94 1.0
P52_96_1 0.52 0.96 1.0
P52_98_1 0.52 0.98 1.0
P54_40_1 0.54 0.40 1.0
P54_42_1 0.54 0.42 1.0
P54_44_1 0.54 0.44 1.0
P54_46_1 0.54 0.46 1.0
P54_48_1 0.54 0.48 1.0
P54_50_1 0.54 0.50 1.0
P54_52_1 0.54 0.52 1.0
P54_54_1 0.54 0.54 1.0
P54_56_1 0.54 0.56 1.0
P54_58_1 0.54 0.58 1.0
P54_60_1 0.54 0.60 1.0
P54_62_1 0.54 0.62 1.0
P54_64_1 0.54 0.64 1.0
P54_66_1 0.54 0.66 1.0
P54_68_1 0.54 0.68 1.0
P54_70_1 0.54 0.70 1.0
P54_72_1 0.54 0.72 1.0
P54_74_1 0.54 0.74 1.0
P54_76_1 0.54 0.76 1.0
P54_78_1 0.54 0.78 1.0
P54_80_1 0.54 0.80 1.0
P54_82_1 0.54 0.82 1.0
P54_84_1 0.54 0.84 1.0
P54_86_1 0.54 0.86 1.0
P54_88_1 0.54 0.88 1.0
P54_90_1 0.54 0.90 1.0
P54_92_1 0.54 0.92 1.0
P54_94_1 0.54 0.94 1.0
P54_96_1 0.54 0.96 1.0
P54_98_1 0.54 0.98 1.0
P56_40_1 0.56 0.40 1.0
P56_42_1 0.56 0.42 1.0
P56_44_1 0.56 0.44 1.0
P56_46_1 0.56 0.46 1.0
P56_48_1 0.56 0.48 1.0
P56_50_1 0.56 0.50 1.0
P56_52_1 0.56 0.52 1.0
P56_54_1 0.56 0.54 1.0
P56_56_1 0.56 0.56 1.0
P56_58_1 0.56 0.58 1.0
P56_60_1 0.56 0.60 1.0
P56_62_1 0.56 0.62 1.0
P56_64_1 0.56 0.64 1.0
P56_66_1 0.56 0.66 1.0
P56_68_1 0.56 0.68 1.0
P56_70_1 0.56 0.70 1.0
P56_72_1 0.56 0.72 1.0
P56_74_1 0.56 0.74 1.0
P56_76_1 0.56 0.76 1.0
P56_78_1 0.56 0.78 1.0
P56_80_1 0.56 0.80 1.0
P56_82_1 0.56 0.82 1.0
P56_84_1 0.56 0.84 1.0
P56_86_1 0.56 0.86 1.0
P56_88_1 0.56 0.88 1.0
P56_90_1 0.56 0.90 1.0
P56_92_1 0.56 0.92 1.0
P56_94_1 0.56 0.94 1.0
P56_96_1 0.56 0.96 1.0
P56_98_1 0.56 0.98 1.0
P58_40_1 0.58 0.40 1.0
P58_42_1 0.58 0.42 1.0
P58_44_1 0.58 0.44 1.0
P58_46_1 0.58 0.46 1.0
P58_48_1 0.58 0.48 1.0
P58_50_1 0.58 0.50 1.0
P58_52_1 0.58 0.52 1.0
P58_54_1 0.58 0.54 1.0
P58_56_1 0.58 0.56 1.0
P58_58_1 0.58 0.58 1.0
P58_60_1 0.58 0.60 1.0
P58_62_1 0.58 0.62 1.0
P58_64_1 0.58 0.64 1.0
P58_66_1 0.58 0.66 1.0
P58_68_1 0.58 0.68 1.0
P58_70_1 0.58 0.70 1.0
P58_72_1 0.58 0.72 1.0
P58_74_1 0.58 0.74 1.0
P58_76_1 0.58 0.76 1.0
P58_78_1 0.58 0.78 1.0
P58_80_1 0.58 0.80 1.0
P58_82_1 0.58 0.82 1.0
P58_84_1 0.58 0.84 1.0
P58_86_1 0.58 0.86 1.0
P58_88_1 0.58 0.88 1.0
P58_90_1 0.58 0.90 1.0
P58_92_1 0.58 0.92 1.0
P58_94_1 0.58 0.94 1.0
P58_96_1 0.58 0.96 1.0
P58_98_1 0.58 0.98 1.0
P60_40_1 0.60 0.40 1.0
P60_42_1 0.60 0.42 1.0
P60_44_1 0.60 0.44 1.0
P60_46_1 0.60 0.46 1.0
P60_48_1 0.60 0.48 1.0
P60_50_1 0.60 0.50 1.0
P60_52_1 0.60 0.52 1.0
P60_54_1 0.60 0.54 1.0
P60_56_1 0.60 0.56 1.0
P60_58_1 0.60 0.58 1.0
P60_60_1 0.60 0.60 1.0
P60_62_1 0.60 0.62 1.0
P60_64_1 0.60 0.64 1.0
P60_66_1 0.60 0.66 1.0
P60_68_1 0.60 0.68 1.0
P60_70_1 0.60 0.70 1.0
P60_72_1 0.60 0.72 1.0
P60_74_1 0.60 0.74 1.0
P60_76_1 0.60 0.76 1.0
P60_78_1 0.60 0.78 1.0
P60_80_1 0.60 0.80 1.0
P60_82_1 0.60 0.82 1.0
P60_84_1 0.60 0.84 1.0
P60_86_1 0.60 0.86 1.0
P60_88_1 0.60 0.88 1.0
P60_90_1 0.60 0.90 1.0
P60_92_1 0.60 0.92 1.0
P60_94_1 0.60 0.94 1.0
P60_96_1 0.60 0.96 1.0
P60_98_1 0.60 0.98 1.0
P62_40_1 0.62 0.40 1.0
P62_42_1 0.62 0.42 1.0
P62_44_1 0.62 0.44 1.0
P62_46_1 0.62 0.46 1.0
P62_48_1 0.62 0.48 1.0
P62_50_1 0.62 0.50 1.0
P62_52_1 0.62 0.52 1.0
P62_54_1 0.62 0.54 1.0
P62_56_1 0.62 0.56 1.0
P62_58_1 0.62 0.58 1.0
P62_60_1 0.62 0.60 1.0
P62_62_1 0.62 0.62 1.0
P62_64_1 0.62 0.64 1.0
P62_66_1 0.62 0.66 1.0
P62_68_1 0.62 0.68 1.0
P62_70_1 0.62 0.70 1.0
P62_72_1 0.62 0.72 1.0
P62_74_1 0.62 0.74 1.0
P62_76_1 0.62 0.76 1.0
P62_78_1 0.62 0.78 1.0
P62_80_1 0.62 0.80 1.0
P62_82_1 0.62 0.82 1.0
P62_84_1 0.62 0.84 1.0
P62_86_1 0.62 0.86 1.0
P62_88_1 0.62 0.88 1.0
P62_90_1 0.62 0.90 1.0
P62_92_1 0.62 0.92 1.0
P62_94_1 0.62 0.94 1.0
P62_96_1 0.62 0.96 1.0
P62_98_1 0.62 0.98 1.0
P64_40_1 0.64 0.40 1.0
P64_42_1 0.64 0.42 1.0
P64_44_1 0.64 0.44 1.0
P64_46_1 0.64 0.46 1.0
P64_48_1 0.64 0.48 1.0
P64_50_1 0.64 0.50 1.0
P64_52_1 0.64 0.52 1.0
P64_54_1 0.64 0.54 1.0
P64_56_1 0.64 0.56 1.0
P64_58_1 0.64 0.58 1.0
P64_60_1 0.64 0.60 1.0
P64_62_1 0.64 0.62 1.0
P64_64_1 0.64 0.64 1.0
P64_66_1 0.64 0.66 1.0
P64_68_1 0.64 0.68 1.0
P64_70_1 0.64 0.70 1.0
P64_72_1 0.64 0.72 1.0
P64_74_1 0.64 0.74 1.0
P64_76_1 0.64 0.76 1.0
P64_78_1 0.64 0.78 1.0
P64_80_1 0.64 0.80 1.0
P64_82_1 0.64 0.82 1.0
P64_84_1 0.64 0.84 1.0
P64_86_1 0.64 0.86 1.0
P64_88_1 0.64 0.88 1.0
P64_90_1 0.64 0.90 1.0
P64_92_1 0.64 0.92 1.0
P64_94_1 0.64 0.94 1.0
P64_96_1 0.64 0.96 1.0
P64_98_1 0.64 0.98 1.0
P66_40_1 0.66 0.40 1.0
P66_42_1 0.66 0.42 1.0
P66_44_1 0.66 0.44 1.0
P66_46_1 0.66 0.46 1.0
P66_48_1 0.66 0.48 1.0
P66_50_1 0.66 0.50 1.0
P66_52_1 0.66 0.52 1.0
P66_54_1 0.66 0.54 1.0
P66_56_1 0.66 0.56 1.0
P66_58_1 0.66 0.58 1.0
P66_60_1 0.66 0.60 1.0
P66_62_1 0.66 0.62 1.0
P66_64_1 0.66 0.64 1.0
P66_66_1 0.66 0.66 1.0
P66_68_1 0.66 0.68 1.0
P66_70_1 0.66 0.70 1.0
P66_72_1 0.66 0.72 1.0
P66_74_1 0.66 0.74 1.0
P66_76_1 0.66 0.76 1.0
P66_78_1 0.66 0.78 1.0
P66_80_1 0.66 0.80 1.0
P66_82_1 0.66 0.82 1.0
P66_84_1 0.66 0.84 1.0
P66_86_1 0.66 0.86 1.0
P66_88_1 0.66 0.88 1.0
P66_90_1 0.66 0.90 1.0
P66_92_1 0.66 0.92 1.0
P66_94_1 0.66 0.94 1.0
P66_96_1 0.66 0.96 1.0
P66_98_1 0.66 0.98 1.0
P68_40_1 0.68 0.40 1.0
P68_42_1 0.68 0.42 1.0
P68_44_1 0.68 0.44 1.0
P68_46_1 0.68 0.46 1.0
P68_48_1 0.68 0.48 1.0
P68_50_1 0.68 0.50 1.0
P68_52_1 0.68 0.52 1.0
P68_54_1 0.68 0.54 1.0
P68_56_1 0.68 0.56 1.0
P68_58_1 0.68 0.58 1.0
P68_60_1 0.68 0.60 1.0
P68_62_1 0.68 0.62 1.0
P68_64_1 0.68 0.64 1.0
P68_66_1 0.68 0.66 1.0
P68_68_1 0.68 0.68 1.0
P68_70_1 0.68 0.70 1.0
P68_72_1 0.68 0.72 1.0
P68_74_1 0.68 0.74 1.0
P68_76_1 0.68 0.76 1.0
P68_78_1 0.68 0.78 1.0
P68_80_1 0.68 0.80 1.0
P68_82_1 0.68 0.82 1.0
P68_84_1 0.68 0.84 1.0
P68_86_1 0.68 0.86 1.0
P68_88_1 0.68 0.88 1.0
P68_90_1 0.68 0.90 1.0
P68_92_1 0.68 0.92 1.0
P68_94_1 0.68 0.94 1.0
P68_96_1 0.68 0.96 1.0
P68_98_1 0.68 0.98 1.0
P70_40_1 0.70 0.40 1.0
P70_42_1 0.70 0.42 1.0
P70_44_1 0.70 0.44 1.0
P70_46_1 0.70 0.46 1.0
P70_48_1 0.70 0.48 1.0
P70_50_1 0.70 0.50 1.0
P70_52_1 0.70 0.52 1.0
P70_54_1 0.70 0.54 1.0
P70_56_1 0.70 0.56 1.0
P70_58_1 0.70 0.58 1.0
P70_60_1 0.70 0.60 1.0
P70_62_1 0.70 0.62 1.0
P70_64_1 0.70 0.64 1.0
P70_66_1 0.70 0.66 1.0
P70_68_1 0.70 0.68 1.0
P70_70_1 0.70 0.70 1.0
P70_72_1 0.70 0.72 1.0
P70_74_1 0.70 0.74 1.0
P70_76_1 0.70 0.76 1.0
P70_78_1 0.70 0.78 1.0
P70_80_1 0.70 0.80 1.0
P70_82_1 0.70 0.82 1.0
P70_84_1 0.70 0.84 1.0
P70_86_1 0.70 0.86 1.0
P70_88_1 0.70 0.88 1.0
P70_90_1 0.70 0.90 1.0
P70_92_1 0.70 0.92 1.0
P70_94_1 0.70 0.94 1.0
P70_96_1 0.70 0.96 1.0
P70_98_1 0.70 0.98 1.0
P72_40_1 0.72 0.40 1.0
P72_42_1 0.72 0.42 1.0
P72_44_1 0.72 0.44 1.0
P72_46_1 0.72 0.46 1.0
P72_48_1 0.72 0.48 1.0
P72_50_1 0.72 0.50 1.0
P72_52_1 0.72 0.52 1.0
P72_54_1 0.72 0.54 1.0
P72_56_1 0.72 0.56 1.0
P72_58_1 0.72 0.58 1.0
P72_60_1 0.72 0.60 1.0
P72_62_1 0.72 0.62 1.0
P72_64_1 0.72 0.64 1.0
P72_66_1 0.72 0.66 1.0
P72_68_1 0.72 0.68 1.0
P72_70_1 0.72 0.70 1.0
P72_72_1 0.72 0.72 1.0
P72_74_1 0.72 0.74 1.0
P72_76_1 0.72 0.76 1.0
P72_78_1 0.72 0.78 1.0
P72_80_1 0.72 0.80 1.0
P72_82_1 0.72 0.82 1.0
P72_84_1 0.72 0.84 1.0
P72_86_1 0.72 0.86 1.0
P72_88_1 0.72 0.88 1.0
P72_90_1 0.72 0.90 1.0
P72_92_1 0.72 0.92 1.0
P72_94_1 0.72 0.94 1.0
P72_96_1 0.72 0.96 1.0
P72_98_1 0.72 0.98 1.0
P74_40_1 0.74 0.40 1.0
P74_42_1 0.74 0.42 1.0
P74_44_1 0.74 0.44 1.0
P74_46_1 0.74 0.46 1.0
P74_48_1 0.74 0.48 1.0
P74_50_1 0.74 0.50 1.0
P74_52_1 0.74 0.52 1.0
P74_54_1 0.74 0.54 1.0
P74_56_1 0.74 0.56 1.0
P74_58_1 0.74 0.58 1.0
P74_60_1 0.74 0.60 1.0
P74_62_1 0.74 0.62 1.0
P74_64_1 0.74 0.64 1.0
P74_66_1 0.74 0.66 1.0
P74_68_1 0.74 0.68 1.0
P74_70_1 0.74 0.70 1.0
P74_72_1 0.74 0.72 1.0
P74_74_1 0.74 0.74 1.0
P74_76_1 0.74 0.76 1.0
P74_78_1 0.74 0.78 1.0
P74_80_1 0.74 0.80 1.0
P74_82_1 0.74 0.82 1.0
P74_84_1 0.74 0.84 1.0
P74_86_1 0.74 0.86 1.0
P74_88_1 0.74 0.88 1.0
P74_90_1 0.74 0.90 1.0
P74_92_1 0.74 0.92 1.0
P74_94_1 0.74 0.94 1.0
P74_96_1 0.74 0.96 1.0
P74_98_1 0.74 0.98 1.0
P76_40_1 0.76 0.40 1.0
P76_42_1 0.76 0.42 1.0
P76_44_1 0.76 0.44 1.0
P76_46_1 0.76 0.46 1.0
P76_48_1 0.76 0.48 1.0
P76_50_1 0.76 0.50 1.0
P76_52_1 0.76 0.52 1.0
P76_54_1 0.76 0.54 1.0
P76_56_1 0.76 0.56 1.0
P76_58_1 0.76 0.58 1.0
P76_60_1 0.76 0.60 1.0
P76_62_1 0.76 0.62 1.0
P76_64_1 0.76 0.64 1.0
P76_66_1 0.76 0.66 1.0
P76_68_1 0.76 0.68 1.0
P76_70_1 0.76 0.70 1.0
P76_72_1 0.76 0.72 1.0
P76_74_1 0.76 0.74 1.0
P76_76_1 0.76 0.76 1.0
P76_78_1 0.76 0.78 1.0
P76_80_1 0.76 0.80 1.0
P76_82_1 0.76 0.82 1.0
P76_84_1 0.76 0.84 1.0
P76_86_1 0.76 0.86 1.0
P76_88_1 0.76 0.88 1.0
P76_90_1 0.76 0.90 1.0
P76_92_1 0.76 0.92 1.0
P76_94_1 0.76 0.94 1.0
P76_96_1 0.76 0.96 1.0
P76_98_1 0.76 0.98 1.0
P78_40_1 0.78 0.40 1.0
P78_42_1 0.78 0.42 1.0
P78_44_1 0.78 0.44 1.0
P78_46_1 0.78 0.46 1.0
P78_48_1 0.78 0.48 1.0
P78_50_1 0.78 0.50 1.0
P78_52_1 0.78 0.52 1.0
P78_54_1 0.78 0.54 1.0
P78_56_1 0.78 0.56 1.0
P78_58_1 0.78 0.58 1.0
P78_60_1 0.78 0.60 1.0
P78_62_1 0.78 0.62 1.0
P78_64_1 0.78 0.64 1.0
P78_66_1 0.78 0.66 1.0
P78_68_1 0.78 0.68 1.0
P78_70_1 0.78 0.70 1.0
P78_72_1 0.78 0.72 1.0
P78_74_1 0.78 0.74 1.0
P78_76_1 0.78 0.76 1.0
P78_78_1 0.78 0.78 1.0
P78_80_1 0.78 0.80 1.0
P78_82_1 0.78 0.82 1.0
P78_84_1 0.78 0.84 1.0
P78_86_1 0.78 0.86 1.0
P78_88_1 0.78 0.88 1.0
P78_90_1 0.78 0.90 1.0
P78_92_1 0.78 0.92 1.0
P78_94_1 0.78 0.94 1.0
P78_96_1 0.78 0.96 1.0
P78_98_1 0.78 0.98 1.0
P80_36_1 0.80 0.36 1.0
P80_38_1 0.80 0.38 1.0
P80_40_1 0.80 0.40 1.0
P80_42_1 0.80 0.42 1.0
P80_44_1 0.80 0.44 1.0
P80_46_1 0.80 0.46 1.0
P80_48_1 0.80 0.48 1.0
P80_50_1 0.80 0.50 1.0
P80_52_1 0.80 0.52 1.0
P80_54_1 0.80 0.54 1.0
P80_56_1 0.80 0.56 1.0
P80_58_1 0.80 0.58 1.0
P80_60_1 0.80 0.60 1.0
P80_62_1 0.80 0.62 1.0
P80_64_1 0.80 0.64 1.0
P80_66_1 0.80 0.66 1.0
P80_68_1 0.80 0.68 1.0
P80_70_1 0.80 0.70 1.0
P80_72_1 0.80 0.72 1.0
P80_74_1 0.80 0.74 1.0
P80_76_1 0.80 0.76 1.0
P80_78_1 0.80 0.78 1.0
P80_80_1 0.80 0.80 1.0
P80_82_1 0.80 0.82 1.0
P80_84_1 0.80 0.84 1.0
P80_86_1 0.80 0.86 1.0
P80_88_1 0.80 0.88 1.0
P80_90_1 0.80 0.90 1.0
P80_92_1 0.80 0.92 1.0
P80_94_1 0.80 0.94 1.0
P80_96_1 0.80 0.96 1.0
P80_98_1 0.80 0.98 1.0
P82_26_1 0.82 0.26 1.0
P82_28_1 0.82 0.28 1.0
P82_30_1 0.82 0.30 1.0
P82_32_1 0.82 0.32 1.0
P82_36_1 0.82 0.36 1.0
P82_38_1 0.82 0.38 1.0
P82_40_1 0.82 0.40 1.0
P82_42_1 0.82 0.42 1.0
P82_44_1 0.82 0.44 1.0
P82_46_1 0.82 0.46 1.0
P82_48_1 0.82 0.48 1.0
P82_50_1 0.82 0.50 1.0
P82_52_1 0.82 0.52 1.0
P82_54_1 0.82 0.54 1.0
P82_56_1 0.82 0.56 1.0
P82_58_1 0.82 0.58 1.0
P82_60_1 0.82 0.60 1.0
P82_62_1 0.82 0.62 1.0
P82_64_1 0.82 0.64 1.0
P82_66_1 0.82 0.66 1.0
P82_68_1 0.82 0.68 1.0
P82_70_1 0.82 0.70 1.0
P82_72_1 0.82 0.72 1.0
P82_74_1 0.82 0.74 1.0
P82_76_1 0.82 0.76 1.0
P82_78_1 0.82 0.78 1.0
P82_80_1 0.82 0.80 1.0
P82_82_1 0.82 0.82 1.0
P82_84_1 0.82 0.84 1.0
P82_86_1 0.82 0.86 1.0
P82_88_1 0.82 0.88 1.0
P82_90_1 0.82 0.90 1.0
P82_92_1 0.82 0.92 1.0
P82_94_1 0.82 0.94 1.0
P82_96_1 0.82 0.96 1.0
P82_98_1 0.82 0.98 1.0
P84_24_1 0.84 0.24 1.0
P84_26_1 0.84 0.26 1.0
P84_36_1 0.84 0.36 1.0
P84_38_1 0.84 0.38 1.0
P84_40_1 0.84 0.40 1.0
P84_42_1 0.84 0.42 1.0
P84_44_1 0.84 0.44 1.0
P84_46_1 0.84 0.46 1.0
P84_48_1 0.84 0.48 1.0
P84_50_1 0.84 0.50 1.0
P84_52_1 0.84 0.52 1.0
P84_54_1 0.84 0.54 1.0
P84_56_1 0.84 0.56 1.0
P84_58_1 0.84 0.58 1.0
P84_60_1 0.84 0.60 1.0
P84_62_1 0.84 0.62 1.0
P84_64_1 0.84 0.64 1.0
P84_66_1 0.84 0.66 1.0
P84_68_1 0.84 0.68 1.0
P84_70_1 0.84 0.70 1.0
P84_72_1 0.84 0.72 1.0
P84_74_1 0.84 0.74 1.0
P84_76_1 0.84 0.76 1.0
P84_78_1 0.84 0.78 1.0
P84_80_1 0.84 0.80 1.0
P84_82_1 0.84 0.82 1.0
P84_84_1 0.84 0.84 1.0
P84_86_1 0.84 0.86 1.0
P84_88_1 0.84 0.88 1.0
P84_90_1 0.84 0.90 1.0
P84_92_1 0.84 0.92 1.0
P84_94_1 0.84 0.94 1.0
P84_96_1 0.84 0.96 1.0
P84_98_1 0.84 0.98 1.0
P86_20_1 0.86 0.20 1.0
P86_22_1 0.86 0.22 1.0
P86_24_1 0.86 0.24 1.0
P86_26_1 0.86 0.26 1.0
P86_36_1 0.86 0.36 1.0
P86_38_1 0.86 0.38 1.0
P86_40_1 0.86 0.40 1.0
P86_42_1 0.86 0.42 1.0
P86_44_1 0.86 0.44 1.0
P86_46_1 0.86 0.46 1.0
P86_48_1 0.86 0.48 1.0
P86_50_1 0.86 0.50 1.0
P86_52_1 0.86 0.52 1.0
P86_54_1 0.86 0.54 1.0
P86_56_1 0.86 0.56 1.0
P86_58_1 0.86 0.58 1.0
P86_60_1 0.86 0.60 1.0
P86_62_1 0.86 0.62 1.0
P86_64_1 0.86 0.64 1.0
P86_66_1 0.86 0.66 1.0
P86_68_1 0.86 0.68 1.0
P86_70_1 0.86 0.70 1.0
P86_72_1 0.86 0.72 1.0
P86_74_1 0.86 0.74 1.0
P86_76_1 0.86 0.76 1.0
P86_78_1 0.86 0.78 1.0
P86_80_1 0.86 0.80 1.0
P86_82_1 0.86 0.82 1.0
P86_84_1 0.86 0.84 1.0
P86_86_1 0.86 0.86 1.0
P86_88_1 0.86 0.88 1.0
P86_90_1 0.86 0.90 1.0
P86_92_1 0.86 0.92 1.0
P86_94_1 0.86 0.94 1.0
P86_96_1 0.86 0.96 1.0
P86_98_1 0.86 0.98 1.0
P88_20_1 0.88 0.20 1.0
P88_22_1 0.88 0.22 1.0
P88_24_1 0.88 0.24 1.0
P88_26_1 0.88 0.26 1.0
P88_28_1 0.88 0.28 1.0
P88_30_1 0.88 0.30 1.0
P88_32_1 0.88 0.32 1.0
P88_34_1 0.88 0.34 1.0
P88_36_1 0.88 0.36 1.0
P88_38_1 0.88 0.38 1.0
P88_40_1 0.88 0.40 1.0
P88_42_1 0.88 0.42 1.0
P88_44_1 0.88 0.44 1.0
P88_46_1 0.88 0.46 1.0
P88_48_1 0.88 0.48 1.0
P88_50_1 0.88 0.50 1.0
P88_52_1 0.88 0.52 1.0
P88_54_1 0.88 0.54 1.0
P88_56_1 0.88 0.56 1.0
P88_58_1 0.88 0.58 1.0
P88_60_1 0.88 0.60 1.0
P88_62_1 0.88 0.62 1.0
P88_64_1 0.88 0.64 1.0
P88_66_1 0.88 0.66 1.0
P88_68_1 0.88 0.68 1.0
P88_70_1 0.88 0.70 1.0
P88_72_1 0.88 0.72 1.0
P88_74_1 0.88 0.74 1.0
P88_76_1 0.88 0.76 1.0
P88_78_1 0.88 0.78 1.0
P88_80_1 0.88 0.80 1.0
P88_82_1 0.88 0.82 1.0
P88_84_1 0.88 0.84 1.0
P88_86_1 0.88 0.86 1.0
P88_88_1 0.88 0.88 1.0
P88_90_1 0.88 0.90 1.0
P88_92_1 0.88 0.92 1.0
P88_94_1 0.88 0.94 1.0
P88_96_1 0.88 0.96 1.0
P88_98_1 0.88 0.98 1.0
P90_18_1 0.90 0.18 1.0
P90_20_1 0.90 0.20 1.0
P90_22_1 0.90 0.22 1.0
P90_24_1 0.90 0.24 1.0
P90_26_1 0.90 0.26 1.0
P90_28_1 0.90 0.28 1.0
P90_30_1 0.90 0.30 1.0
P90_32_1 0.90 0.32 1.0
P90_34_1 0.90 0.34 1.0
P90_36_1 0.90 0.36 1.0
P90_38_1 0.90 0.38 1.0
P90_40_1 0.90 0.40 1.0
P90_42_1 0.90 0.42 1.0
P90_44_1 0.90 0.44 1.0
P90_46_1 0.90 0.46 1.0
P90_48_1 0.90 0.48 1.0
P90_50_1 0.90 0.50 1.0
P90_52_1 0.90 0.52 1.0
P90_54_1 0.90 0.54 1.0
P90_56_1 0.90 0.56 1.0
P90_58_1 0.90 0.58 1.0
P90_60_1 0.90 0.60 1.0
P90_62_1 0.90 0.62 1.0
P90_64_1 0.90 0.64 1.0
P90_66_1 0.90 0.66 1.0
P90_68_1 0.90 0.68 1.0
P90_70_1 0.90 0.70 1.0
P90_72_1 0.90 0.72 1.0
P90_74_1 0.90 0.74 1.0
P90_76_1 0.90 0.76 1.0
P90_78_1 0.90 0.78 1.0
P90_80_1 0.90 0.80 1.0
P90_82_1 0.90 0.82 1.0
P90_84_1 0.90 0.84 1.0
P90_86_1 0.90 0.86 1.0
P90_88_1 0.90 0.88 1.0
P90_90_1 0.90 0.90 1.0
P90_92_1 0.90 0.92 1.0
P90_94_1 0.90 0.94 1.0
P90_96_1 0.90 0.96 1.0
P90_98_1 0.90 0.98 1.0
P92_16_1 0.92 0.16 1.0
P92_18_1 0.92 0.18 1.0
P92_20_1 0.92 0.20 1.0
P92_22_1 0.92 0.22 1.0
P92_24_1 0.92 0.24 1.0
P92_26_1 0.92 0.26 1.0
P92_28_1 0.92 0.28 1.0
P92_30_1 0.92 0.30 1.0
P92_32_1 0.92 0.32 1.0
P92_34_1 0.92 0.34 1.0
P92_36_1 0.92 0.36 1.0
P92_38_1 0.92 0.38 1.0
P92_40_1 0.92 0.40 1.0
P92_42_1 0.92 0.42 1.0
P92_44_1 0.92 0.44 1.0
P92_46_1 0.92 0.46 1.0
P92_48_1 0.92 0.48 1.0
P92_50_1 0.92 0.50 1.0
P92_52_1 0.92 0.52 1.0
P92_54_1 0.92 0.54 1.0
P92_56_1 0.92 0.56 1.0
P92_58_1 0.92 0.58 1.0
P92_60_1 0.92 0.60 1.0
P92_62_1 0.92 0.62 1.0
P92_64_1 0.92 0.64 1.0
P92_66_1 0.92 0.66 1.0
P92_68_1 0.92 0.68 1.0
P92_70_1 0.92 0.70 1.0
P92_72_1 0.92 0.72 1.0
P92_74_1 0.92 0.74 1.0
P92_76_1 0.92 0.76 1.0
P92_78_1 0.92 0.78 1.0
P92_80_1 0.92 0.80 1.0
P92_82_1 0.92 0.82 1.0
P92_84_1 0.92 0.84 1.0
P92_86_1 0.92 0.86 1.0
P92_88_1 0.92 0.88 1.0
P92_90_1 0.92 0.90 1.0
P92_92_1 0.92 0.92 1.0
P92_94_1 0.92 0.94 1.0
P92_96_1 0.92 0.96 1.0
P92_98_1 0.92 0.98 1.0
P94_16_1 0.94 0.16 1.0
P94_18_1 0.94 0.18 1.0
P94_20_1 0.94 0.20 1.0
P94_22_1 0.94 0.22 1.0
P94_24_1 0.94 0.24 1.0
P94_26_1 0.94 0.26 1.0
P94_28_1 0.94 0.28 1.0
P94_30_1 0.94 0.30 1.0
P94_32_1 0.94 0.32 1.0
P94_34_1 0.94 0.34 1.0
P94_36_1 0.94 0.36 1.0
P94_38_1 0.94 0.38 1.0
P94_40_1 0.94 0.40 1.0
P94_42_1 0.94 0.42 1.0
P94_44_1 0.94 0.44 1.0
P94_46_1 0.94 0.46 1.0
P94_48_1 0.94 0.48 1.0
P94_50_1 0.94 0.50 1.0
P94_52_1 0.94 0.52 1.0
P94_54_1 0.94 0.54 1.0
P94_56_1 0.94 0.56 1.0
P94_58_1 0.94 0.58 1.0
P94_60_1 0.94 0.60 1.0
P94_62_1 0.94 0.62 1.0
P94_64_1 0.94 0.64 1.0
P94_66_1 0.94 0.66 1.0
P94_68_1 0.94 0.68 1.0
P94_70_1 0.94 0.70 1.0
P94_72_1 0.94 0.72 1.0
P94_74_1 0.94 0.74 1.0
P94_76_1 0.94 0.76 1.0
P94_78_1 0.94 0.78 1.0
P94_80_1 0.94 0.80 1.0
P94_82_1 0.94 0.82 1.0
P94_84_1 0.94 0.84 1.0
P94_86_1 0.94 0.86 1.0
P94_88_1 0.94 0.88 1.0
P94_90_1 0.94 0.90 1.0
P94_92_1 0.94 0.92 1.0
P94_94_1 0.94 0.94 1.0
P94_96_1 0.94 0.96 1.0
P94_98_1 0.94 0.98 1.0
P96_16_1 0.96 0.16 1.0
P96_18_1 0.96 0.18 1.0
P96_20_1 0.96 0.20 1.0
P96_22_1 0.96 0.22 1.0
P96_24_1 0.96 0.24 1.0
P96_26_1 0.96 0.26 1.0
P96_28_1 0.96 0.28 1.0
P96_30_1 0.96 0.30 1.0
P96_34_1 0.96 0.34 1.0
P96_36_1 0.96 0.36 1.0
P96_38_1 0.96 0.38 1.0
P96_40_1 0.96 0.40 1.0
P96_42_1 0.96 0.42 1.0
P96_44_1 0.96 0.44 1.0
P96_46_1 0.96 0.46 1.0
P96_48_1 0.96 0.48 1.0
P96_50_1 0.96 0.50 1.0
P96_52_1 0.96 0.52 1.0
P96_54_1 0.96 0.54 1.0
P96_56_1 0.96 0.56 1.0
P96_58_1 0.96 0.58 1.0
P96_60_1 0.96 0.60 1.0
P96_62_1 0.96 0.62 1.0
P96_64_1 0.96 0.64 1.0
P96_66_1 0.96 0.66 1.0
P96_68_1 0.96 0.68 1.0
P96_70_1 0.96 0.70 1.0
P96_72_1 0.96 0.72 1.0
P96_74_1 0.96 0.74 1.0
P96_76_1 0.96 0.76 1.0
P96_78_1 0.96 0.78 1.0
P96_80_1 0.96 0.80 1.0
P96_82_1 0.96 0.82 1.0
P96_84_1 0.96 0.84 1.0
P96_86_1 0.96 0.86 1.0
P96_88_1 0.96 0.88 1.0
P96_90_1 0.96 0.90 1.0
P96_92_1 0.96 0.92 1.0
P96_94_1 0.96 0.94 1.0
P96_96_1 0.96 0.96 1.0
P96_98_1 0.96 0.98 1.0
P98_16_1 0.98 0.16 1.0
P98_18_1 0.98 0.18 1.0
P98_20_1 0.98 0.20 1.0
P98_22_1 0.98 0.22 1.0
P98_24_1 0.98 0.24 1.0
P98_26_1 0.98 0.26 1.0
P98_28_1 0.98 0.28 1.0
P98_30_1 0.98 0.30 1.0
P98_34_1 0.98 0.34 1.0
P98_36_1 0.98 0.36 1.0
P98_38_1 0.98 0.38 1.0
P98_40_1 0.98 0.40 1.0
P98_42_1 0.98 0.42 1.0
P98_44_1 0.98 0.44 1.0
P98_46_1 0.98 0.46 1.0
P98_48_1 0.98 0.48 1.0
P98_50_1 0.98 0.50 1.0
P98_52_1 0.98 0.52 1.0
P98_54_1 0.98 0.54 1.0
P98_56_1 0.98 0.56 1.0
P98_58_1 0.98 0.58 1.0
P98_60_1 0.98 0.60 1.0
P98_62_1 0.98 0.62 1.0
P98_64_1 0.98 0.64 1.0
P98_66_1 0.98 0.66 1.0
P98_68_1 0.98 0.68 1.0
P98_70_1 0.98 0.70 1.0
P98_72_1 0.98 0.72 1.0
P98_74_1 0.98 0.74 1.0
P98_76_1 0.98 0.76 1.0
P98_78_1 0.98 0.78 1.0
P98_80_1 0.98 0.80 1.0
P98_82_1 0.98 0.82 1.0
P98_84_1 0.98 0.84 1.0
P98_86_1 0.98 0.86 1.0
P98_88_1 0.98 0.88 1.0
P98_90_1 0.98 0.90 1.0
P98_92_1 0.98 0.92 1.0
P98_94_1 0.98 0.94 1.0
P98_96_1 0.98 0.96 1.0
P98_98_1 0.98 0.98 1.0
P50_38_1 0.50 0.38 1.0
P52_38_1 0.52 0.38 1.0
P54_38_1 0.54 0.38 1.0
P56_38_1 0.56 0.38 1.0
