P02_16_1 0.02 0.16 1.0
P02_18_1 0.02 0.18 1.0
P02_20_1 0.02 0.20 1.0
P02_22_1 0.02 0.22 1.0
P02_24_1 0.02 0.24 1.0
P02_26_1 0.02 0.26 1.0
P02_28_1 0.02 0.28 1.0
P02_30_1 0.02 0.30 1.0
P02_34_1 0.02 0.34 1.0
P02_36_1 0.02 0.36 1.0
P02_38_1 0.02 0.38 1.0
P02_40_1 0.02 0.40 1.0
P02_42_1 0.02 0.42 1.0
P02_44_1 0.02 0.44 1.0
P02_46_1 0.02 0.46 1.0
P02_48_1 0.02 0.48 1.0
P02_50_1 0.02 0.50 1.0
P02_52_1 0.02 0.52 1.0
P02_54_1 0.02 0.54 1.0
P02_56_1 0.02 0.56 1.0
P02_58_1 0.02 0.58 1.0
P02_60_1 0.02 0.60 1.0
P02_62_1 0.02 0.62 1.0
P02_64_1 0.02 0.64 1.0
P02_66_1 0.02 0.66 1.0
P02_68_1 0.02 0.68 1.0
P02_70_1 0.02 0.70 1.0
P02_72_1 0.02 0.72 1.0
P02_74_1 0.02 0.74 1.0
P02_76_1 0.02 0.76 1.0
P02_78_1 0.02 0.78 1.0
P02_80_1 0.02 0.80 1.0
P02_82_1 0.02 0.82 1.0
P02_84_1 0.02 0.84 1.0
P02_86_1 0.02 0.86 1.0
P02_88_1 0.02 0.88 1.0
P02_90_1 0.02 0.90 1.0
P02_92_1 0.02 0.92 1.0
P02_94_1 0.02 0.94 1.0
P02_96_1 0.02 0.96 1.0
P02_98_1 0.02 0.98 1.0
P04_16_1 0.04 0.16 1.0
P04_18_1 0.04 0.18 1.0
P04_20_1 0.04 0.20 1.0
P04_22_1 0.04 0.22 1.0
P04_24_1 0.04 0.24 1.0
P04_26_1 0.04 0.26 1.0
P04_28_1 0.04 0.28 1.0
P04_30_1 0.04 0.30 1.0
P04_34_1 0.04 0.34 1.0
P04_36_1 0.04 0.36 1.0
P04_38_1 0.04 0.38 1.0
P04_40_1 0.04 0.40 1.0
P04_42_1 0.04 0.42 1.0
P04_44_1 0.04 0.44 1.0
P04_46_1 0.04 0.46 1.0
P04_48_1 0.04 0.48 1.0
P04_50_1 0.04 0.50 1.0
P04_52_1 0.04 0.52 1.0
P04_54_1 0.04 0.54 1.0
P04_56_1 0.04 0.56 1.0
P04_58_1 0.04 0.58 1.0
P04_60_1 0.04 0.60 1.0
P04_62_1 0.04 0.62 1.0
P04_64_1 0.04 0.64 1.0
P04_66_1 0.04 0.66 1.0
P04_68_1 0.04 0.68 1.0
P04_70_1 0.04 0.70 1.0
P04_72_1 0.04 0.72 1.0
P04_74_1 0.04 0.74 1.0
P04_76_1 0.04 0.76 1.0
P04_78_1 0.04 0.78 1.0
P04_80_1 0.04 0.80 1.0
P04_82_1 0.04 0.82 1.0
P04_84_1 0.04 0.84 1.0
P04_86_1 0.04 0.86 1.0
P04_88_1 0.04 0.88 1.0
P04_90_1 0.04 0.90 1.0
P04_92_1 0.04 0.92 1.0
P04_94_1 0.04 0.94 1.0
P04_96_1 0.04 0.96 1.0
P04_98_1 0.04 0.98 1.0
P06_16_1 0.06 0.16 1.0
P06_18_1 0.06 0.18 1.0
P06_20_1 0.06 0.20 1.0
P06_22_1 0.06 0.22 1.0
P06_24_1 0.06 0.24 1.0
P06_26_1 0.06 0.26 1.0
P06_28_1 0.06 0.28 1.0
P06_30_1 0.06 0.30 1.0
P06_32_1 0.06 0.32 1.0
P06_34_1 0.06 0.34 1.0
P06_36_1 0.06 0.36 1.0
P06_38_1 0.06 0.38 1.0
P06_40_1 0.06 0.40 1.0
P06_42_1 0.06 0.42 1.0
P06_44_1 0.06 0.44 1.0
P06_46_1 0.06 0.46 1.0
P06_48_1 0.06 0.48 1.0
P06_50_1 0.06 0.50 1.0
P06_52_1 0.06 0.52 1.0
P06_54_1 0.06 0.54 1.0
P06_56_1 0.06 0.56 1.0
P06_58_1 0.06 0.58 1.0
P06_60_1 0.06 0.60 1.0
P06_62_1 0.06 0.62 1.0
P06_64_1 0.06 0.64 1.0
P06_66_1 0.06 0.66 1.0
P06_68_1 0.06 0.68 1.0
P06_70_1 0.06 0.70 1.0
P06_72_1 0.06 0.72 1.0
P06_74_1 0.06 0.74 1.0
P06_76_1 0.06 0.76 1.0
P06_78_1 0.06 0.78 1.0
P06_80_1 0.06 0.80 1.0
P06_82_1 0.06 0.82 1.0
P06_84_1 0.06 0.84 1.0
P06_86_1 0.06 0.86 1.0
P06_88_1 0.06 0.88 1.0
P06_90_1 0.06 0.90 1.0
P06_92_1 0.06 0.92 1.0
P06_94_1 0.06 0.94 1.0
P06_96_1 0.06 0.96 1.0
P06_98_1 0.06 0.98 1.0
P08_16_1 0.08 0.16 1.0
P08_18_1 0.08 0.18 1.0
P08_20_1 0.08 0.20 1.0
P08_22_1 0.08 0.22 1.0
P08_24_1 0.08 0.24 1.0
P08_26_1 0.08 0.26 1.0
P08_28_1 0.08 0.28 1.0
P08_30_1 0.08 0.30 1.0
P08_32_1 0.08 0.32 1.0
P08_34_1 0.08 0.34 1.0
P08_36_1 0.08 0.36 1.0
P08_38_1 0.08 0.38 1.0
P08_40_1 0.08 0.40 1.0
P08_42_1 0.08 0.42 1.0
P08_44_1 0.08 0.44 1.0
P08_46_1 0.08 0.46 1.0
P08_48_1 0.08 0.48 1.0
P08_50_1 0.08 0.50 1.0
P08_52_1 0.08 0.52 1.0
P08_54_1 0.08 0.54 1.0
P08_56_1 0.08 0.56 1.0
P08_58_1 0.08 0.58 1.0
P08_60_1 0.08 0.60 1.0
P08_62_1 0.08 0.62 1.0
P08_64_1 0.08 0.64 1.0
P08_66_1 0.08 0.66 1.0
P08_68_1 0.08 0.68 1.0
P08_70_1 0.08 0.70 1.0
P08_72_1 0.08 0.72 1.0
P08_74_1 0.08 0.74 1.0
P08_76_1 0.08 0.76 1.0
P08_78_1 0.08 0.78 1.0
P08_80_1 0.08 0.80 1.0
P08_82_1 0.08 0.82 1.0
P08_84_1 0.08 0.84 1.0
P08_86_1 0.08 0.86 1.0
P08_88_1 0.08 0.88 1.0
P08_90_1 0.08 0.90 1.0
P08_92_1 0.08 0.92 1.0
P08_94_1 0.08 0.94 1.0
P08_96_1 0.08 0.96 1.0
P08_98_1 0.08 0.98 1.0
P10_18_1 0.10 0.18 1.0
P10_20_1 0.10 0.20 1.0
P10_22_1 0.10 0.22 1.0
P10_24_1 0.10 0.24 1.0
P10_26_1 0.10 0.26 1.0
P10_28_1 0.10 0.28 1.0
P10_30_1 0.10 0.30 1.0
P10_32_1 0.10 0.32 1.0
P10_34_1 0.10 0.34 1.0
P10_36_1 0.10 0.36 1.0
P10_38_1 0.10 0.38 1.0
P10_40_1 0.10 0.40 1.0
P10_42_1 0.10 0.42 1.0
P10_44_1 0.10 0.44 1.0
P10_46_1 0.10 0.46 1.0
P10_48_1 0.10 0.48 1.0
P10_50_1 0.10 0.50 1.0
P10_52_1 0.10 0.52 1.0
P10_54_1 0.10 0.54 1.0
P10_56_1 0.10 0.56 1.0
P10_58_1 0.10 0.58 1.0
P10_60_1 0.10 0.60 1.0
P10_62_1 0.10 0.62 1.0
P10_64_1 0.10 0.64 1.0
P10_66_1 0.10 0.66 1.0
P10_68_1 0.10 0.68 1.0
P10_70_1 0.10 0.70 1.0
P10_72_1 0.10 0.72 1.0
P10_74_1 0.10 0.74 1.0
P10_76_1 0.10 0.76 1.0
P10_78_1 0.10 0.78 1.0
P10_80_1 0.10 0.80 1.0
P10_82_1 0.10 0.82 1.0
P10_84_1 0.10 0.84 1.0
P10_86_1 0.10 0.86 1.0
P10_88_1 0.10 0.88 1.0
P10_90_1 0.10 0.90 1.0
P10_92_1 0.10 0.92 1.0
P10_94_1 0.10 0.94 1.0
P10_96_1 0.10 0.96 1.0
P10_98_1 0.10 0.98 1.0
P12_20_1 0.12 0.20 1.0
P12_22_1 0.12 0.22 1.0
P12_24_1 0.12 0.24 1.0
P12_26_1 0.12 0.26 1.0
P12_28_1 0.12 0.28 1.0
P12_30_1 0.12 0.30 1.0
P12_32_1 0.12 0.32 1.0
P12_34_1 0.12 0.34 1.0
P12_36_1 0.12 0.36 1.0
P12_38_1 0.12 0.38 1.0
P12_40_1 0.12 0.40 1.0
P12_42_1 0.12 0.42 1.0
P12_44_1 0.12 0.44 1.0
P12_46_1 0.12 0.46 1.0
P12_48_1 0.12 0.48 1.0
P12_50_1 0.12 0.50 1.0
P12_52_1 0.12 0.52 1.0
P12_54_1 0.12 0.54 1.0
P12_56_1 0.12 0.56 1.0
P12_58_1 0.12 0.58 1.0
P12_60_1 0.12 0.60 1.0
P12_62_1 0.12 0.62 1.0
P12_64_1 0.12 0.64 1.0
P12_66_1 0.12 0.66 1.0
P12_68_1 0.12 0.68 1.0
P12_70_1 0.12 0.70 1.0
P12_72_1 0.12 0.72 1.0
P12_74_1 0.12 0.74 1.0
P12_76_1 0.12 0.76 1.0
P12_78_1 0.12 0.78 1.0
P12_80_1 0.12 0.80 1.0
P12_82_1 0.12 0.82 1.0
P12_84_1 0.12 0.84 1.0
P12_86_1 0.12 0.86 1.0
P12_88_1 0.12 0.88 1.0
P12_90_1 0.12 0.90 1.0
P12_92_1 0.12 0.92 1.0
P12_94_1 0.12 0.94 1.0
P12_96_1 0.12 0.96 1.0
P12_98_1 0.12 0.98 1.0
P14_20_1 0.14 0.20 1.0
P14_22_1 0.14 0.22 1.0
P14_24_1 0.14 0.24 1.0
P14_26_1 0.14 0.26 1.0
P14_36_1 0.14 0.36 1.0
P14_38_1 0.14 0.38 1.0
P14_40_1 0.14 0.40 1.0
P14_42_1 0.14 0.42 1.0
P14_44_1 0.14 0.44 1.0
P14_46_1 0.14 0.46 1.0
P14_48_1 0.14 0.48 1.0
P14_50_1 0.14 0.50 1.0
P14_52_1 0.14 0.52 1.0
P14_54_1 0.14 0.54 1.0
P14_56_1 0.14 0.56 1.0
P14_58_1 0.14 0.58 1.0
P14_60_1 0.14 0.60 1.0
P14_62_1 0.14 0.62 1.0
P14_64_1 0.14 0.64 1.0
P14_66_1 0.14 0.66 1.0
P14_68_1 0.14 0.68 1.0
P14_70_1 0.14 0.70 1.0
P14_72_1 0.14 0.72 1.0
P14_74_1 0.14 0.74 1.0
P14_76_1 0.14 0.76 1.0
P14_78_1 0.14 0.78 1.0
P14_80_1 0.14 0.80 1.0
P14_82_1 0.14 0.82 1.0
P14_84_1 0.14 0.84 1.0
P14_86_1 0.14 0.86 1.0
P14_88_1 0.14 0.88 1.0
P14_90_1 0.14 0.90 1.0
P14_92_1 0.14 0.92 1.0
P14_94_1 0.14 0.94 1.0
P14_96_1 0.14 0.96 1.0
P14_98_1 0.14 0.98 1.0
P16_24_1 0.16 0.24 1.0
P16_26_1 0.16 0.26 1.0
P16_36_1 0.16 0.36 1.0
P16_38_1 0.16 0.38 1.0
P16_40_1 0.16 0.40 1.0
P16_42_1 0.16 0.42 1.0
P16_44_1 0.16 0.44 1.0
P16_46_1 0.16 0.46 1.0
P16_48_1 0.16 0.48 1.0
P16_50_1 0.16 0.50 1.0
P16_52_1 0.16 0.52 1.0
P16_54_1 0.16 0.54 1.0
P16_56_1 0.16 0.56 1.0
P16_58_1 0.16 0.58 1.0
P16_60_1 0.16 0.60 1.0
P16_62_1 0.16 0.62 1.0
P16_64_1 0.16 0.64 1.0
P16_66_1 0.16 0.66 1.0
P16_68_1 0.16 0.68 1.0
P16_70_1 0.16 0.70 1.0
P16_72_1 0.16 0.72 1.0
P16_74_1 0.16 0.74 1.0
P16_76_1 0.16 0.76 1.0
P16_78_1 0.16 0.78 1.0
P16_80_1 0.16 0.80 1.0
P16_82_1 0.16 0.82 1.0
P16_84_1 0.16 0.84 1.0
P16_86_1 0.16 0.86 1.0
P16_88_1 0.16 0.88 1.0
P16_90_1 0.16 0.90 1.0
P16_92_1 0.16 0.92 1.0
P16_94_1 0.16 0.94 1.0
P16_96_1 0.16 0.96 1.0
P16_98_1 0.16 0.98 1.0
P18_26_1 0.18 0.26 1.0
P18_28_1 0.18 0.28 1.0
P18_30_1 0.18 0.30 1.0
P18_32_1 0.18 0.32 1.0
P18_36_1 0.18 0.36 1.0
P18_38_1 0.18 0.38 1.0
P18_40_1 0.18 0.40 1.0
P18_42_1 0.18 0.42 1.0
P18_44_1 0.18 0.44 1.0
P18_46_1 0.18 0.46 1.0
P18_48_1 0.18 0.48 1.0
P18_50_1 0.18 0.50 1.0
P18_52_1 0.18 0.52 1.0
P18_54_1 0.18 0.54 1.0
P18_56_1 0.18 0.56 1.0
P18_58_1 0.18 0.58 1.0
P18_60_1 0.18 0.60 1.0
P18_62_1 0.18 0.62 1.0
P18_64_1 0.18 0.64 1.0
P18_66_1 0.18 0.66 1.0
P18_68_1 0.18 0.68 1.0
P18_70_1 0.18 0.70 1.0
P18_72_1 0.18 0.72 1.0
P18_74_1 0.18 0.74 1.0
P18_76_1 0.18 0.76 1.0
P18_78_1 0.18 0.78 1.0
P18_80_1 0.18 0.80 1.0
P18_82_1 0.18 0.82 1.0
P18_84_1 0.18 0.84 1.0
P18_86_1 0.18 0.86 1.0
P18_88_1 0.18 0.88 1.0
P18_90_1 0.18 0.90 1.0
P18_92_1 0.18 0.92 1.0
P18_94_1 0.18 0.94 1.0
P18_96_1 0.18 0.96 1.0
P18_98_1 0.18 0.98 1.0
P20_36_1 0.20 0.36 1.0
P20_38_1 0.20 0.38 1.0
P20_40_1 0.20 0.40 1.0
P20_42_1 0.20 0.42 1.0
P20_44_1 0.20 0.44 1.0
P20_46_1 0.20 0.46 1.0
P20_48_1 0.20 0.48 1.0
P20_50_1 0.20 0.50 1.0
P20_52_1 0.20 0.52 1.0
P20_54_1 0.20 0.54 1.0
P20_56_1 0.20 0.56 1.0
P20_58_1 0.20 0.58 1.0
P20_60_1 0.20 0.60 1.0
P20_62_1 0.20 0.62 1.0
P20_64_1 0.20 0.64 1.0
P20_66_1 0.20 0.66 1.0
P20_68_1 0.20 0.68 1.0
P20_70_1 0.20 0.70 1.0
P20_72_1 0.20 0.72 1.0
P20_74_1 0.20 0.74 1.0
P20_76_1 0.20 0.76 1.0
P20_78_1 0.20 0.78 1.0
P20_80_1 0.20 0.80 1.0
P20_82_1 0.20 0.82 1.0
P20_84_1 0.20 0.84 1.0
P20_86_1 0.20 0.86 1.0
P20_88_1 0.20 0.88 1.0
P20_90_1 0.20 0.90 1.0
P20_92_1 0.20 0.92 1.0
P20_94_1 0.20 0.94 1.0
P20_96_1 0.20 0.96 1.0
P20_98_1 0.20 0.98 1.0
P22_40_1 0.22 0.40 1.0
P22_42_1 0.22 0.42 1.0
P22_44_1 0.22 0.44 1.0
P22_46_1 0.22 0.46 1.0
P22_48_1 0.22 0.48 1.0
P22_50_1 0.22 0.50 1.0
P22_52_1 0.22 0.52 1.0
P22_54_1 0.22 0.54 1.0
P22_56_1 0.22 0.56 1.0
P22_58_1 0.22 0.58 1.0
P22_60_1 0.22 0.60 1.0
P22_62_1 0.22 0.62 1.0
P22_64_1 0.22 0.64 1.0
P22_66_1 0.22 0.66 1.0
P22_68_1 0.22 0.68 1.0
P22_70_1 0.22 0.70 1.0
P22_72_1 0.22 0.72 1.0
P22_74_1 0.22 0.74 1.0
P22_76_1 0.22 0.76 1.0
P22_78_1 0.22 0.78 1.0
P22_80_1 0.22 0.80 1.0
P22_82_1 0.22 0.82 1.0
P22_84_1 0.22 0.84 1.0
P22_86_1 0.22 0.86 1.0
P22_88_1 0.22 0.88 1.0
P22_90_1 0.22 0.90 1.0
P22_92_1 0.22 0.92 1.0
P22_94_1 0.22 0.94 1.0
P22_96_1 0.22 0.96 1.0
P22_98_1 0.22 0.98 1.0
P24_40_1 0.24 0.40 1.0
P24_42_1 0.24 0.42 1.0
P24_44_1 0.24 0.44 1.0
P24_46_1 0.24 0.46 1.0
P24_48_1 0.24 0.48 1.0
P24_50_1 0.24 0.50 1.0
P24_52_1 0.24 0.52 1.0
P24_54_1 0.24 0.54 1.0
P24_56_1 0.24 0.56 1.0
P24_58_1 0.24 0.58 1.0
P24_60_1 0.24 0.60 1.0
P24_62_1 0.24 0.62 1.0
P24_64_1 0.24 0.64 1.0
P24_66_1 0.24 0.66 1.0
P24_68_1 0.24 0.68 1.0
P24_70_1 0.24 0.70 1.0
P24_72_1 0.24 0.72 1.0
P24_74_1 0.24 0.74 1.0
P24_76_1 0.24 0.76 1.0
P24_78_1 0.24 0.78 1.0
P24_80_1 0.24 0.80 1.0
P24_82_1 0.24 0.82 1.0
P24_84_1 0.24 0.84 1.0
P24_86_1 0.24 0.86 1.0
P24_88_1 0.24 0.88 1.0
P24_90_1 0.24 0.90 1.0
P24_92_1 0.24 0.92 1.0
P24_94_1 0.24 0.94 1.0
P24_96_1 0.24 0.96 1.0
P24_98_1 0.24 0.98 1.0
P26_40_1 0.26 0.40 1.0
P26_42_1 0.26 0.42 1.0
P26_44_1 0.26 0.44 1.0
P26_46_1 0.26 0.46 1.0
P26_48_1 0.26 0.48 1.0
P26_50_1 0.26 0.50 1.0
P26_52_1 0.26 0.52 1.0
P26_54_1 0.26 0.54 1.0
P26_56_1 0.26 0.56 1.0
P26_58_1 0.26 0.58 1.0
P26_60_1 0.26 0.60 1.0
P26_62_1 0.26 0.62 1.0
P26_64_1 0.26 0.64 1.0
P26_66_1 0.26 0.66 1.0
P26_68_1 0.26 0.68 1.0
P26_70_1 0.26 0.70 1.0
P26_72_1 0.26 0.72 1.0
P26_74_1 0.26 0.74 1.0
P26_76_1 0.26 0.76 1.0
P26_78_1 0.26 0.78 1.0
P26_80_1 0.26 0.80 1.0
P26_82_1 0.26 0.82 1.0
P26_84_1 0.26 0.84 1.0
P26_86_1 0.26 0.86 1.0
P26_88_1 0.26 0.88 1.0
P26_90_1 0.26 0.90 1.0
P26_92_1 0.26 0.92 1.0
P26_94_1 0.26 0.94 1.0
P26_96_1 0.26 0.96 1.0
P26_98_1 0.26 0.98 1.0
P28_40_1 0.28 0.40 1.0
P28_42_1 0.28 0.42 1.0
P28_44_1 0.28 0.44 1.0
P28_46_1 0.28 0.46 1.0
P28_48_1 0.28 0.48 1.0
P28_50_1 0.28 0.50 1.0
P28_52_1 0.28 0.52 1.0
P28_54_1 0.28 0.54 1.0
P28_56_1 0.28 0.56 1.0
P28_58_1 0.28 0.58 1.0
P28_60_1 0.28 0.60 1.0
P28_62_1 0.28 0.62 1.0
P28_64_1 0.28 0.64 1.0
P28_66_1 0.28 0.66 1.0
P28_68_1 0.28 0.68 1.0
P28_70_1 0.28 0.70 1.0
P28_72_1 0.28 0.72 1.0
P28_74_1 0.28 0.74 1.0
P28_76_1 0.28 0.76 1.0
P28_78_1 0.28 0.78 1.0
P28_80_1 0.28 0.80 1.0
P28_82_1 0.28 0.82 1.0
P28_84_1 0.28 0.84 1.0
P28_86_1 0.28 0.86 1.0
P28_88_1 0.28 0.88 1.0
P28_90_1 0.28 0.90 1.0
P28_92_1 0.28 0.92 1.0
P28_94_1 0.28 0.94 1.0
P28_96_1 0.28 0.96 1.0
P28_98_1 0.28 0.98 1.0
P30_40_1 0.30 0.40 1.0
P30_42_1 0.30 0.42 1.0
P30_44_1 0.30 0.44 1.0
P30_46_1 0.30 0.46 1.0
P30_48_1 0.30 0.48 1.0
P30_50_1 0.30 0.50 1.0
P30_52_1 0.30 0.52 1.0
P30_54_1 0.30 0.54 1.0
P30_56_1 0.30 0.56 1.0
P30_58_1 0.30 0.58 1.0
P30_60_1 0.30 0.60 1.0
P30_62_1 0.30 0.62 1.0
P30_64_1 0.30 0.64 1.0
P30_66_1 0.30 0.66 1.0
P30_68_1 0.30 0.68 1.0
P30_70_1 0.30 0.70 1.0
P30_72_1 0.30 0.72 1.0
P30_74_1 0.30 0.74 1.0
P30_76_1 0.30 0.76 1.0
P30_78_1 0.30 0.78 1.0
P30_80_1 0.30 0.80 1.0
P30_82_1 0.30 0.82 1.0
P30_84_1 0.30 0.84 1.0
P30_86_1 0.30 0.86 1.0
P30_88_1 0.30 0.88 1.0
P30_90_1 0.30 0.90 1.0
P30_92_1 0.30 0.92 1.0
P30_94_1 0.30 0.94 1.0
P30_96_1 0.30 0.96 1.0
P30_98_1 0.30 0.98 1.0
P32_40_1 0.32 0.40 1.0
P32_42_1 0.32 0.42 1.0
P32_44_1 0.32 0.44 1.0
P32_46_1 0.32 0.46 1.0
P32_48_1 0.32 0.48 1.0
P32_50_1 0.32 0.50 1.0
P32_52_1 0.32 0.52 1.0
P32_54_1 0.32 0.54 1.0
P32_56_1 0.32 0.56 1.0
P32_58_1 0.32 0.58 1.0
P32_60_1 0.32 0.60 1.0
P32_62_1 0.32 0.62 1.0
P32_64_1 0.32 0.64 1.0
P32_66_1 0.32 0.66 1.0
P32_68_1 0.32 0.68 1.0
P32_70_1 0.32 0.70 1.0
P32_72_1 0.32 0.72 1.0
P32_74_1 0.32 0.74 1.0
P32_76_1 0.32 0.76 1.0
P32_78_1 0.32 0.78 1.0
P32_80_1 0.32 0.80 1.0
P32_82_1 0.32 0.82 1.0
P32_84_1 0.32 0.84 1.0
P32_86_1 0.32 0.86 1.0
P32_88_1 0.32 0.88 1.0
P32_90_1 0.32 0.90 1.0
P32_92_1 0.32 0.92 1.0
P32_94_1 0.32 0.94 1.0
P32_96_1 0.32 0.96 1.0
P32_98_1 0.32 0.98 1.0
P34_40_1 0.34 0.40 1.0
P34_42_1 0.34 0.42 1.0
P34_44_1 0.34 0.44 1.0
P34_46_1 0.34 0.46 1.0
P34_48_1 0.34 0.48 1.0
P34_50_1 0.34 0.50 1.0
P34_52_1 0.34 0.52 1.0
P34_54_1 0.34 0.54 1.0
P34_56_1 0.34 0.56 1.0
P34_58_1 0.34 0.58 1.0
P34_60_1 0.34 0.60 1.0
P34_62_1 0.34 0.62 1.0
P34_64_1 0.34 0.64 1.0
P34_66_1 0.34 0.66 1.0
P34_68_1 0.34 0.68 1.0
P34_70_1 0.34 0.70 1.0
P34_72_1 0.34 0.72 1.0
P34_74_1 0.34 0.74 1.0
P34_76_1 0.34 0.76 1.0
P34_78_1 0.34 0.78 1.0
P34_80_1 0.34 0.80 1.0
P34_82_1 0.34 0.82 1.0
P34_84_1 0.34 0.84 1.0
P34_86_1 0.34 0.86 1.0
P34_88_1 0.34 0.88 1.0
P34_90_1 0.34 0.90 1.0
P34_92_1 0.34 0.92 1.0
P34_94_1 0.34 0.94 1.0
P34_96_1 0.34 0.96 1.0
P34_98_1 0.34 0.98 1.0
P36_40_1 0.36 0.40 1.0
P36_42_1 0.36 0.42 1.0
P36_44_1 0.36 0.44 1.0
P36_46_1 0.36 0.46 1.0
P36_48_1 0.36 0.48 1.0
P36_50_1 0.36 0.50 1.0
P36_52_1 0.36 0.52 1.0
P36_54_1 0.36 0.54 1.0
P36_56_1 0.36 0.56 1.0
P36_58_1 0.36 0.58 1.0
P36_60_1 0.36 0.60 1.0
P36_62_1 0.36 0.62 1.0
P36_64_1 0.36 0.64 1.0
P36_66_1 0.36 0.66 1.0
P36_68_1 0.36 0.68 1.0
P36_70_1 0.36 0.70 1.0
P36_72_1 0.36 0.72 1.0
P36_74_1 0.36 0.74 1.0
P36_76_1 0.36 0.76 1.0
P36_78_1 0.36 0.78 1.0
P36_80_1 0.36 0.80 1.0
P36_82_1 0.36 0.82 1.0
P36_84_1 0.36 0.84 1.0
P36_86_1 0.36 0.86 1.0
P36_88_1 0.36 0.88 1.0
P36_90_1 0.36 0.90 1.0
P36_92_1 0.36 0.92 1.0
P36_94_1 0.36 0.94 1.0
P36_96_1 0.36 0.96 1.0
P36_98_1 0.36 0.98 1.0
P38_40_1 0.38 0.40 1.0
P38_42_1 0.38 0.42 1.0
P38_44_1 0.38 0.44 1.0
P38_46_1 0.38 0.46 1.0
P38_48_1 0.38 0.48 1.0
P38_50_1 0.38 0.50 1.0
P38_52_1 0.38 0.52 1.0
P38_54_1 0.38 0.54 1.0
P38_56_1 0.38 0.56 1.0
P38_58_1 0.38 0.58 1.0
P38_60_1 0.38 0.60 1.0
P38_62_1 0.38 0.62 1.0
P38_64_1 0.38 0.64 1.0
P38_66_1 0.38 0.66 1.0
P38_68_1 0.38 0.68 1.0
P38_70_1 0.38 0.70 1.0
P38_72_1 0.38 0.72 1.0
P38_74_1 0.38 0.74 1.0
P38_76_1 0.38 0.76 1.0
P38_78_1 0.38 0.78 1.0
P38_80_1 0.38 0.80 1.0
P38_82_1 0.38 0.82 1.0
P38_84_1 0.38 0.84 1.0
P38_86_1 0.38 0.86 1.0
P38_88_1 0.38 0.88 1.0
P38_90_1 0.38 0.90 1.0
P38_92_1 0.38 0.92 1.0
P38_94_1 0.38 0.94 1.0
P38_96_1 0.38 0.96 1.0
P38_98_1 0.38 0.98 1.0
P40_40_1 0.40 0.40 1.0
P40_42_1 0.40 0.42 1.0
P40_44_1 0.40 0.44 1.0
P40_46_1 0.40 0.46 1.0
P40_48_1 0.40 0.48 1.0
P40_50_1 0.40 0.50 1.0
P40_52_1 0.40 0.52 1.0
P40_54_1 0.40 0.54 1.0
P40_56_1 0.40 0.56 1.0
P40_58_1 0.40 0.58 1.0
P40_60_1 0.40 0.60 1.0
P40_62_1 0.40 0.62 1.0
P40_64_1 0.40 0.64 1.0
P40_66_1 0.40 0.66 1.0
P40_68_1 0.40 0.68 1.0
P40_70_1 0.40 0.70 1.0
P40_72_1 0.40 0.72 1.0
P40_74_1 0.40 0.74 1.0
P40_76_1 0.40 0.76 1.0
P40_78_1 0.40 0.78 1.0
P40_80_1 0.40 0.80 1.0
P40_82_1 0.40 0.82 1.0
P40_84_1 0.40 0.84 1.0
P40_86_1 0.40 0.86 1.0
P40_88_1 0.40 0.88 1.0
P40_90_1 0.40 0.90 1.0
P40_92_1 0.40 0.92 1.0
P40_94_1 0.40 0.94 1.0
P40_96_1 0.40 0.96 1.0
P40_98_1 0.40 0.98 1.0
P42_40_1 0.42 0.40 1.0
P42_42_1 0.42 0.42 1.0
P42_44_1 0.42 0.44 1.0
P42_46_1 0.42 0.46 1.0
P42_48_1 0.42 0.48 1.0
P42_50_1 0.42 0.50 1.0
P42_52_1 0.42 0.52 1.0
P42_54_1 0.42 0.54 1.0
P42_56_1 0.42 0.56 1.0
P42_58_1 0.42 0.58 1.0
P42_60_1 0.42 0.60 1.0
P42_62_1 0.42 0.62 1.0
P42_64_1 0.42 0.64 1.0
P42_66_1 0.42 0.66 1.0
P42_68_1 0.42 0.68 1.0
P42_70_1 0.42 0.70 1.0
P42_72_1 0.42 0.72 1.0
P42_74_1 0.42 0.74 1.0
P42_76_1 0.42 0.76 1.0
P42_78_1 0.42 0.78 1.0
P42_80_1 0.42 0.80 1.0
P42_82_1 0.42 0.82 1.0
P42_84_1 0.42 0.84 1.0
P42_86_1 0.42 0.86 1.0
P42_88_1 0.42 0.88 1.0
P42_90_1 0.42 0.90 1.0
P42_92_1 0.42 0.92 1.0
P42_94_1 0.42 0.94 1.0
P42_96_1 0.42 0.96 1.0
P42_98_1 0.42 0.98 1.0
P44_40_1 0.44 0.40 1.0
P44_42_1 0.44 0.42 1.0
P44_44_1 0.44 0.44 1.0
P44_46_1 0.44 0.46 1.0
P44_48_1 0.44 0.48 1.0
P44_50_1 0.44 0.50 1.0
P44_52_1 0.44 0.52 1.0
P44_54_1 0.44 0.54 1.0
P44_56_1 0.44 0.56 1.0
P44_58_1 0.44 0.58 1.0
P44_60_1 0.44 0.60 1.0
P44_62_1 0.44 0.62 1.0
P44_64_1 0.44 0.64 1.0
P44_66_1 0.44 0.66 1.0
P44_68_1 0.44 0.68 1.0
P44_70_1 0.44 0.70 1.0
P44_72_1 0.44 0.72 1.0
P44_74_1 0.44 0.74 1.0
P44_76_1 0.44 0.76 1.0
P44_78_1 0.44 0.78 1.0
P44_80_1 0.44 0.80 1.0
P44_82_1 0.44 0.82 1.0
P44_84_1 0.44 0.84 1.0
P44_86_1 0.44 0.86 1.0
P44_88_1 0.44 0.88 1.0
P44_90_1 0.44 0.90 1.0
P44_92_1 0.44 0.92 1.0
P44_94_1 0.44 0.94 1.0
P44_96_1 0.44 0.96 1.0
P44_98_1 0.44 0.98 1.0
P46_40_1 0.46 0.40 1.0
P46_42_1 0.46 0.42 1.0
P46_44_1 0.46 0.44 1.0
P46_46_1 0.46 0.46 1.0
P46_48_1 0.46 0.48 1.0
P46_50_1 0.46 0.50 1.0
P46_52_1 0.46 0.52 1.0
P46_54_1 0.46 0.54 1.0
P46_56_1 0.46 0.56 1.0
P46_58_1 0.46 0.58 1.0
P46_60_1 0.46 0.60 1.0
P46_62_1 0.46 0.62 1.0
P46_64_1 0.46 0.64 1.0
P46_66_1 0.46 0.66 1.0
P46_68_1 0.46 0.68 1.0
P46_70_1 0.46 0.70 1.0
P46_72_1 0.46 0.72 1.0
P46_74_1 0.46 0.74 1.0
P46_76_1 0.46 0.76 1.0
P46_78_1 0.46 0.78 1.0
P46_80_1 0.46 0.80 1.0
P46_82_1 0.46 0.82 1.0
P46_84_1 0.46 0.84 1.0
P46_86_1 0.46 0.86 1.0
P46_88_1 0.46 0.88 1.0
P46_90_1 0.46 0.90 1.0
P46_92_1 0.46 0.92 1.0
P46_94_1 0.46 0.94 1.0
P46_96_1 0.46 0.96 1.0
P46_98_1 0.46 0.98 1.0
P48_40_1 0.48 0.40 1.0
P48_42_1 0.48 0.42 1.0
P48_44_1 0.48 0.44 1.0
P48_46_1 0.48 0.46 1.0
P48_48_1 0.48 0.48 1.0
P48_50_1 0.48 0.50 1.0
P48_52_1 0.48 0.52 1.0
P48_54_1 0.48 0.54 1.0
P48_56_1 0.48 0.56 1.0
P48_58_1 0.48 0.58 1.0
P48_60_1 0.48 0.60 1.0
P48_62_1 0.48 0.62 1.0
P48_64_1 0.48 0.64 1.0
P48_66_1 0.48 0.66 1.0
P48_68_1 0.48 0.68 1.0
P48_70_1 0.48 0.70 1.0
P48_72_1 0.48 0.72 1.0
P48_74_1 0.48 0.74 1.0
P48_76_1 0.48 0.76 1.0
P48_78_1 0.48 0.78 1.0
P48_80_1 0.48 0.80 1.0
P48_82_1 0.48 0.82 1.0
P48_84_1 0.48 0.84 1.0
P48_86_1 0.48 0.86 1.0
P48_88_1 0.48 0.88 1.0
P48_90_1 0.48 0.90 1.0
P48_92_1 0.48 0.92 1.0
P48_94_1 0.48 0.94 1.0
P48_96_1 0.48 0.96 1.0
P48_98_1 0.48 0.98 1.0
P50_40_1 0.50 0.40 1.0
P50_42_1 0.50 0.42 1.0
P50_44_1 0.50 0.44 1.0
P50_46_1 0.50 0.46 1.0
P50_48_1 0.50 0.48 1.0
P50_50_1 0.50 0.50 1.0
P50_52_1 0.50 0.52 1.0
P50_54_1 0.50 0.54 1.0
P50_56_1 0.50 0.56 1.0
P50_58_1 0.50 0.58 1.0
P50_60_1 0.50 0.60 1.0
P50_62_1 0.50 0.62 1.0
P50_64_1 0.50 0.64 1.0
P50_66_1 0.50 0.66 1.0
P50_68_1 0.50 0.68 1.0
P50_70_1 0.50 0.70 1.0
P50_72_1 0.50 0.72 1.0
P50_74_1 0.50 0.74 1.0
P50_76_1 0.50 0.76 1.0
P50_78_1 0.50 0.78 1.0
P50_80_1 0.50 0.80 1.0
P50_82_1 0.50 0.82 1.0
P50_84_1 0.50 0.84 1.0
P50_86_1 0.50 0.86 1.0
P50_88_1 0.50 0.88 1.0
P50_90_1 0.50 0.90 1.0
P50_92_1 0.50 0.92 1.0
P50_94_1 0.50 0.94 1.0
P50_96_1 0.50 0.96 1.0
P50_98_1 0.50 0.98 1.0
P44_38_1 0.44 0.38 1.0
P46_38_1 0.46 0.38 1.0
P48_38_1 0.48 0.38 1.0
P50_38_1 0.50 0.38 1.0
P04_32_1 0.04 0.32 1.0
